115 130 103 127 109 109  60 112 130  84  96 130 103 121 142 148  78 112 118 136 109  90 109 109 136 148 112 103 130 127 127 115 139  91 130 175 136  84 130 245  91 136 148 124 115 115 139 127 127 136 109 124 154 136 148 127 127 154 178 148 148 163 108 115 
130 196  63 151  72 109  73  97 115 115 106 109  72 118 124 118  72 432 124 111 118 127 127 108 133 139 130 106 136 130 200 142 185 103 167 154 145 106 139 254 103 121 148 121 106 109 317 230 136 151 103 124 142 121 136 115 139 194 148 148 136 136 115  97 
127  96  99 160  96 124 103  97 127 133 151 148  93 161 121 130 103 112 124 118 100 106  84 136 136 160 139 487 133 115 127 127 142  63 112 154 148 109 121 311  88 109 148 148 127 115 148 139 133 124 109 121 148 130 154 124 148 166 127 142 151 148 109  84 
130 130 157  98 127 104  65  77 104 464 100 139 130 142 139  89  89  68 107 142 124 118 107 142 165 157 142 17408 198 136 162 139 184 118 183 186 180  98 130 136 124 139 169 139 136 110 145 186 166 145 118 151 136 171 168 168 136 163 133 145 139 171 186 159 
127 142 103 136  97 103  94 103 115 115 133 121 103 142 124 136 103  84  97 105  88  85 115 133 118 154 115  91 133 103 102 136 139  79 136 154 118 118 462 145  91 109 148 142 115 121 130 121 124 124 109 121 136 142 167 124 130 169 133 151 136 145 109 118 
139 142  97 151  73  66  64  79  79 112 103 103  79 115 124  72  97  60  78 115  69 103 115 109 139 151 121 124 151  84 130 157 199  91 133 151 142 124 130 196  66 127 133 139 127 111 121 102 127 139  90 124 139 133 130 118 142 166 130 148 173 145 109 115 
124 161  84 139  72 124  69  97 103  99 124 121  78 121 133 103  81 100  97 109  84  85  96 136 133 142 121  91 136 103 109 145 139  91 139 136 118  87 444 145  97 115 136 142 115 130 121 124 127 151 109 124 136 136 148 124 124 154 115 139 142 145 109 118 
151 127 106 142  73  85  48  72  60 112 112 109  79 118 121  81  94 103 133 115  94 115 124 145 136 173 118 127 142 109 139 148 151 103 139 169 127 102 465 157  79 112 145 142 127 121 127 124 124 121 112 121 133 127 170 121 130 145 133 139 142 145 109 118 
133 139  84 167  72  87  48  97 106  96 127 121  97 124 136  87  78  63  97 121  69  85 118 133 130 139 102  91 133 106 121 136 139  85 114 166 127 130 103 163  85 115 133 139  96 127 102 136 127 151 112 121 136 158 151 121 130 181 127 206 145 160 109  96 
130 142 103 157  79  78  54  66  78 118  93 115  85 109 127 103  94  85 115 139  93 103 115 142 142 151 115  90 166 103 133 170 148 100 139 166 139 118 142 166  60 109 148 142 115 124 127 124 124 121 109 124 139 142 148 124 130 178 136 441 145 148  90 115 
133 142  84 166  75 112  73  78 103 118 136 121  81 121 133 103 112 106  97 124 100  72 109 112 127 142 115 109 148 102 127 136 139  85 148 190 133 112  96 197  60 121 145 142 118 121 127 133 124 121 109 121 136 130 151 102 124 160 127 145 465 148 109  96 
139 142  97 167  54  97 106  79  76 118 109 109  60 118 124 103  85  79 133 118 127  84 115 136 127 160 115 127 173 103 133 148 164  97 148 178 169 100 450 182  79 118 163 142 127 124 127 121 127 173 109 127 136 182 179 139 133 151 133 148 142 145 115 118 
136 142 103 188 100 124  57  84 118  99 148 142 106 142 121 109 103  91  97 133  88  85 115 136 118 160 105  72 133 103 127 133 108  79 136 148 111  87 112 154  79 109 145 148 118 124 127 121 124 121 109 124 139 136 148 121 108 157 139 148 438 164  90 115 
133 142  78 148  73 100  45  79  60 112  84 109  79 118 133  97  66  60  96 127  94 115 115 136 142 151 118 109 154 139 127 148 139  97 151 139 130 103 130 188  60  90 133 148 127 124 108 133 130 154 109 127 142 160 157 127 133 163 124 133 471 148 118 118 
133 142 103 160  97 106  73 103 124 118 130 139 106 142 127 112 106  85 121 121 109  66 118 133 121 179 124  72 133 109 112 145 139  79 136 139 130 103 130 151  79 112 148 148 118 121 127 121 121 121 112 121 133 148 151 136 124 154 136 444 145 148 112 115 
173 142 106 142  73  82  67  91  60 112 109  90  79 115 121  97  91 100  97 127 127 115 121 124 151 151 127 124 145 115 118 151 145  87 142 148 145 115 130 166  69 112 167 148 115 124 127 102 124 121 109 124 114 142 151 124 130 154 115 206 136 145 109 115 
133 130 103 185  91  93  76  97 118 112 136 142  97 124 136 130  93 109 124 118 118  91 118 127 118 139 142  78 130 103 108 139 163  85 142 194 139 118 127 148 115 115 179 142 127 127 139 121 127 154 112 121 130 133 151 133 121 172 127 151 481 148 118 127 
136 142  78 151  54  85  61  60  79 112 106 109  60 118 124  90  78  60 109  96 130 124 133 145 142 154 115 124 154 136 127 157 145  91 127 160 136 121 468 142  94 115 133 136 124 130 105 121 130 154 109 124 136 130 105 121 124 163 142 179 133 145  90  99 
136 142 115 154  97 124  54 118 118 121 136 139 118 158 124  90 118  91  91 112 124  66 115 136 118 160 121 109 136 103 109 136 139  76 136 154 142 106 112 145  91 109 148 148 115 124 127 121 121 124 109 124 139 148 148 124 121 191 130 502 142 145  90 115 
136 127 103 139  79  78  70  66  97 115 109 115  85 109 130 124  91  85 121 127 124  84 115 139 142 157 124 109 151 106 130 148 139 109 136 136 127 112 130 154  79 109 148 145 127 121 127 121 121 121 109 121 139 133 148 121 111 160 133 459 158 148 109 118 
136 142 103 175  79 106  88  97 103 115 124 121 100 105 136 103 109  84  97 127  88  91  90 136 130 139 115  78 148 124 130 133 139  85 151 142 139 112 118 191  60  90 145 142 118 124 127 124 124 121 109 124 136 136 148 124 127 169 130 133 475 167 109 115 
136 142 103 139  79  88  60  85  97 115 109 115  85  90 115  84  91  79 124 130 112 121 115 167 142 154 115 124 166 136 139 151 139  97 142 154 142 103 112 169  91 124 145 142 118 124 130 136 121 102 109 139 133 130 151 121 121 160 127 466 142 148 109 118 
121 142  84 136  78 118  85 103 115  96 130 145 106 142 121 109  87  66  88 121 118  85 115 136  99 139 130 109 133 103 118 136 118  79 136 157 130 118 112 148  91 109 148 142 118 124 127 121 124 121 109 124 136 130 151 102 130 163 133 487 139 148 109  96 
133 142 103 130  79  91  79  66  97 118 109 115  91 109 136  87  91 100  91  96 121 103 115 148 142 154 121 105 154 130 133 145 139 100 139 148 142 100 127 166  79 112 148 130 118 124 130 121 121 124 109 139 133 173 170 121 105 157 136 475 142 148 105 118 
133 127 103 145  91  84  76 100 103 115 127 121 100 124 133  84  78  66  97 105 118  85 115 136 118 142 121  97 133 103  90 136 139  85 133 151 130 127  93 148  91 109 148 148 127 124 111 121 127 151 109 127 136 148 160 130 133 154 136 471 145 145 115 115 
136 142  97 136  73  85  48  79  79 124 100  90  79 118 121  97  85  79 130 130 127  84  96 142 142 160 124 109 154 103 133 148 145  72 142 142 142 121 472 191  66 115 136 136 124 130 124 121 127 173 109 124 139 157 148 121 127 160 136 139 130 148 109 118 
121 142 103 160  94 121  85  78  84 112 127 121  97 124 133 109  97  66  91 124 100  66 115 133 118 154 115 109 133 103 109 136 130  66 154 136 142 106 109 151  66 115 136 139 121 127 121 133 127 173 109 121 136 127 170 121 111 154 111 145 469 148  90 115 
130 142 103 145  60 115  82  85  97 136 112 115  66 109 130  96  91 100 115 115 121  84 118 148 142 154 130 112 154 103 130 157 139  91 145 148 142 121 460 151  79 121 145 158 127 121 130 124 127 121 112 121 136 136 151 124 130 191 154 136 142 148 109 115 
133 142 103 142  91 111  70  97 103 115 106 121  97 121 136  84  78  66  97 124  69  85 115 136 118 142 115 109 133 103  99 136 139  85 173 154 142 121 127 172  97 118 136 139 115 130 102 136 127 154 109 142 136 142 170 124 127 160 133 456 133 148 109 118 
130 142  97 160  73 112  94  60  60 112 112 109  79  96 124  78  66  60 133  96 118 103 115 133 142 154 127 102 154 106 127 157 139  91 160 151 142 124 154 191  85 115 136 139 127 127 121 133 130 154 109 121 139 133 136 121 130 142 130 523 176 145 124 118 
136 142 103 136  91 109  51  97 103 118 124 121  78 105 133  84 112 103  97 121 130  91  90 136 127 139 130 109 167 103 130 133 139  85 136 157 130  99 118 164  60 109 145 142 118 124 127 121 121 121 109 124 139 142 148 142 142 145 127 472 139 167 112 118 
136 142 103 166  60  78  72  66  66 112 127 124  81 109 139 106  91  85 115 130  99 103 118 139 145 154 121 106 148 112 133 148 136  94 142 154 127 124 115 157  73 109 145 142 133 109 127 121 127 173 109 124 136 151 148 127 139 163 121 133 475 148 121 118 
142 142 103 169  97 112  79 109 115 130 133 121 103 142 124  96 115  84  97 124  88  85 118  90 109 157 136  66 136 109 127 136 167  79 139 175 102 100 118 145  60 112 145 148 115 121 130 121 124 124 112 121 136 127 151 124 124 179 130 133 456 139 109 118 
148 142  97 185  54  97  48  60  94 112 112 109  60 118 121  72  85  79 115 130  88 103 115 133 142 179 130 103 154 136 151 148 151  91 163 172 142 130 115 179  85 108 148 154 118 127 121 121 127 173 109 139 139 145 148 102 108 157 130 133 462 167 109 118 
130 142 103 148  97 106  82  87 115 118 130 142  84 142 127 102 121 106  91 124 118  85 115 133 118 142 109 109 133 103 115 133 139  79 127 166 127 118 112 139  73 109 145 133 127 121 130 124 121 121 109 121 136 130 148 124 127 157 127 508 148 191  90 118 
136 142  78 173  54 103  91  72  57 127  97 124  78 118 124 100  66  60 109  96 142 124 136 115 142 154 112 127 154 127 127 164 182  69  93 169 121 109 438 170  72  96 136 139 115 127 139 133 158 154 112 121 136 142 160 124 130 157 133 154 136 148  90  96 
133 130  84 163  72 112  67  97  84 115 130 130  78 124 136 103 112  85  78 124  88  85 115 136 118 142 121  72 136 103 109 133 139  60 127 154 118 103 121 154  79 109 148 142 127 124 130 114 127 154 109 124 136 124 179  96 136 157 127 139 493 148 115 115 
133 142  97 172  73 106  48  79  91 109 109 109  94  96 130  81  91  85 115 139 118  96 130 133 121 151 145 127 157 109 130 145 127 106 139 154 130 103 127 185  79 121 148 161 115 124 127 121 121 124 109 124 133 148 151 124 130 185 136 441 136 148 109 115 
133 142  97 163  91 106  76  78 103 109 124 121  97 124 136  96 109  66  88 121  91  66 115 136 118 157 121  90 133 103 121 136 139  79 127 148 127 109 109 148  79 109 145 148 118 124 127 136 142 151 109 127 136 160 130 127 136 179 121 181 142 167  96 115 
136 142 112 188  73  88  45  60  79 109 112 109  79  96 121  97  88  79 115 130 124  84 118 145 142 154 142  90 151 121 130 148 139  97 136 133 127 100 145 151  60 112 148 142 115 102 127 124 127 154  93 124 114 121 160 130 133 163 130 142 508 145  96 115 
142 142 103 130  72  90  64  78 106 115 133 121  84 124 142  84 109 103 115 114 106 106 115 118 136 139  96  94 127 103 115 145 148  91 139 151 130 112 124 154  85 109 145 142 118 133 127 136 109 139 109 121 136 115 148 139 121 175 160 176 145 133 124 115 
139 487 118 112  79  69  82  66  91 118 115 121  66  90 133 103  94 103 127 115 115 118 139 148 142 173 121 118 133 127 102 151 173 100 103 154 130 121 124 142  73 118 148 154 130 109 127 139 121 124 109 106 142 139 133 124 130 176 130 136 179 148 121 115 
142 142  97 154  91 118  82 100 103 112 124 127  97 102 133  90  93  66  91 124  88  85 115 136  99 142 127  90 133 103 124 139 139  85 154 172 139 103 130 151  85 115 136 139 115 130 121 121 127 154 103 124 136 130 148 124 127 179 130 456 148 145 109 118 
139 142  97 145  73  84  60  60  79 118 118 109  79 118 124  78 106  85 121 142 130 115 130 148 136 179 102 111 145 109 130 145 139  97 139 184 130  99 453 148  79 109 145 142 118 121 127 105 124 121 109 121 136 136 148 124 127 157 127 157 142 148 109 115 
142 142  97 148  91 136 109 103  84 109 130 124  97 124 133 109  97  85  78 109  97  91 115 109 121 142 109 112 136 103 109 133 136  60 124 142 124  88 441 179  73 109 148 148 115 121 130 124 130 139 109 124 142 136 160 115 130 148 133 136 139 145 115 118 
142 142  90 139  54  82  82  79  79 115 112 109  60 115 121  97  69  66 121 118 109 124 136 136 139 160 115 127 154 127 142 148 145  97 145 188 127 124 465 148  79 112 154 108  99 121 127 121 124 139 112 124 145 145 160 130 127 163 133 145 142 145 115 115 
139 111 112 157  78 118  88  78 115 115 133 121  84 142 142  90 106 103  97 124  88  85  96  90 127 154 130  85 139 133 121 133 121  79 130 169 127 103 118 166  60 112 148 142 115 121 130 133 121 124 109 121 133 151 151 124 121 166 136 133 472 145  90 118 
133 142  78 130  54  66  64  79  60 112 112 121  60 118 121  97 100  60  72 115 112 103 115 148 154 160 139 124 173 103 142 170 145 103 136 154 145 127 474 163  66 118 133 142  96 130 121 102 130 154 109 124 133 133 148 121 133 148 127 136 136 145 109 118 
136 130 103 154  94 109  57  81 103 118 127 121 103 121 136 103  97  85  97 124  88  85  96 133 118 142 124  66 136 124 109 139 157  79 130 175 108  87 145 167  60 112 148 142 118 121 127 136 127 170 109 124 136 133 160 127 145 163 130 145 456 167  96 115 
142 142  97 148  54 106  51  79  60  93  97 109  60 118 124 103  66  60  99 115 115 103 118 148 142 154 124 112 154 103 127 160 136  91 142 188 127 102 405 185  66 127 136 139 115 127 124 121 127 154  93 136 114 145 151 105 142 148 124 136 136 148 109 115 
167 142  84 157  75 127  69  97 121 118 121 124 100 121 136 103 109  84 124 127 139  91 109 136  99 139 124 124 148  84 115 164 139  94 139 151 127 105 127 203  60 102 148 142  99 124 127 121 121 121 109 142 136 142 148 121 127 160 118 148 426 148 109 115 
176 142 106 154  73  63  64  91  57 109 109 109  79 118 124 100  81  60 115 127 115 103 115 145 111 160 127 124 151 121 158 167 124  78 164 142 130 115 118 157  91 109 145 148 115 121 130 133 130 154 109 124 136 121 160 127 136 173 142 145 484 148 115 118 
133 142 103 160  81 130  91 106 115 115 127 139  81 142 121 109 103  60  78 112  75  85 115 121  99 154 130  91 136 103 109 133 127  60 136 191 130 118 130 212  79 121 148 142 118 121 127 121 124 121 109 121 133 130 151 121 121 151 133 136 444 145 109 115 
133 142  97 142  73  91  51  79  76 109 109 109  79 115 102  78  87  72 100 130 163 109 130 111 136 154 142 109 154 115 142 145 139 106 163 139 130 112 130 163  79 109 148 108 127 124 127 121 124 121 109 124 136 127 157 121 127 176 136 456 136 164 109 118 
139 142 112 121  94 112  48  97 106 115 124 121 118 124 133 124  90 103 121 121 103 103 115 115 136 142 115  84 130  84 127 136 173  85 142 133 127  97 130 154  78 112 179 142 108 121 127 121 124 130  90 102 145 115 148 136 133 157 136 151 164 133 121 115 
145 142 103 136  60  72  73  85  97 115 118 115  66 112 127 106  87  66  72 130 112 103 115 148 142 154 133 124 170 121 127 145 176 100 139 173 166 124 112 175  60 112 148 142 127 124 130 121 102 121 109 124 133 139 151 124 127 157 118 450 139 145 109 115 
130 163  78 160  75 121  88  97  87 118 130 121  97 124 121 100  97  97  78 109 127  82 118 133 118 157 130  91 133 106 127 139 139  66 148 139 142 103 130 145  79 121 148 142 115 121 127 102 108 151 112 139 136 127 179 136 133 163 136 190 161 145 118  96 
136 142  78 157  54 103  61  60  79 109 100 109  60 118 124  78  72  66  91  90 136 130 133 124 136 154 130 115 133 130 139 148 157 109 130 148 124 115 130 154  79 109 145 161  99 124 127 136 124 121 109 124 148 148 160 121 130 163 102 133 447 148  90 115 
145 161  84 136  72 121  79  97  84 118 127 121  78 124 133 106  90  66  78 109 109  85 118 133 118 160 127 109 136  87 109 136 154  85 139 200 157 100 127 176  85 127 136 142 115 127 121 121 127 151 112 121 133 139 151 102 130 185 133 187 145 148 109 115 
127 142 103 114  79 112  48  85  97  93 441 121 115 109 108 103  75  66 115 133 103 103 115 130 148 194 130 103 154 109 133 148 160 100 148 160 124 127 118 166  73 109 148 130 133 112 127 133 127 154 109 124 133 148 151 127 136 175 139 151 145 148 121 112 
130 142  84 145  72 115  82  97 118  99 133 121  97 124 136 102 124 103 115 109  69  72 109 136 130 151 121 112 151 121 115 133 154 106 139 194 127 145 498 163  79 109 148 142  96 124 130 124 133 121 109 124 136 136 148 124 124 305 136 136 127 148 112  99 
145 142  97 160  73 100  61  79  60 124 109 109  79  99 124  97 103  66 115 127 109 103 115 136 148 151 118 124 154  84 102 167 139  78 136 157 130 109 124 209  79  90 160 154 118 124 130 121 108 151 109 127 142 136 179 127 136 188 133 453 145 148 115 118 
130 142 103 151  91 121  54  78 103 115 124 121  97 121 136 106 109 103  97 127  84  84  90 121 130 139 121 109 148  87 127 139 136  85 121 142 130 109 127 145  60  90 148 139 115 102 130 133 121 102  90 121 136 145 148 124 130 166 133 453 136 148  93 118 
139 142  78 136  54  97  82  79  57 136  97 112  60 118 121  97 100  60 109 118 142 103 121 109 139 160 112 127 173 103 133 136 172  69 136 203 133 118 453 188  85 118 136 151 105 127 124 102 127 154 109 121 133 142 148 121 127 154 121 170 130 145 109 118 
133 118 115 130  97 103  82  87 130 127 136 121 411 142 145  96 106 109 115  96 115  81 115 136 127 154 121 112 136 115 109 136 142  79 112 194 111 121 157 136  54  90 167 148 118 112 130 139 124 102 109 103 154 139 136 124 130 187 154 157 151 157 121 115 
145 148  78 139  54  88  45  79  60  93  96 109  79 115 121 103  69  97  90 115  75 121 133 142 148 154 136 124 151 130 130 157 194  88 133 151 139 136 490 182  66  96 136 142 127 130 102 124 127 151 109 124 139 136 154 124 145 145 130 148 136 145 109 118 
136 139 103 127  91  90  79 100 103 115 121 136 103 124 136  84  97  82 115 121 109 106 118  90 124 188  96 103 130 103 109 136 142  85 142 139 139  97 142 148  79 109 145 139 118 121 127 114 127 133 112 124 151  99 148 124 136 172 179 154 157 136 127 103 
145 142 103 173  79 112  79  66  78 115 118  90  91  93 130 103  91  85  96 127 127 121 133 133 142 160  96  99 154 109 127 160 154  78 154 181 124 115 124 157  54 112 145 142 115 124 130 136 105 121 109 124 157 139 124 121 130 154 121 148 481 145  90 118 
133 142 103 148  97 133  94  84 118 112 136 121 103 142 121  84 103  85 121 121  88  66 115 136 118 179 112  63 133 103 121 139 133  79 130 166 118 118  96 145  79 112 148 164 118 124 127 133 121 121 109 124 133 136 151 121 130 145 121 184 133 179 109 115 
133 142  97 118  54  88  42  60 106 118  97 109  60 115 121  78  94  85 115 130 139 127 136 127 136 154 127 124 154 118 139 139 160 112 154 169 133 411 124 179  73 121 148 154 118 133 130 133 124 145 112 121 148 102 151 121 127 154 102 136 133 148 109 118 
139 142 127 151  72 118  94  78 103 121 124 121  97 121 124 103 127  85  97 109  94  72 115  91 121 142 118 109 148 106 118 133 127  60 145 154 130 112 453 157  79 109 145 142 118 121 127 121 130 154 109 124 139 148 176 139 136 151 114 142 161 148 115 118 
127 142 103 169  79 112  51  85  78 121 127 118  85  90 127 109  94  85  72 118  84 103 115 139 139 154 130 124 151 103 112 176 157  97 136 167 127 103 124 206  54 112 148 142 118 121 127 124 102 102  90 102 133 139 151 124 121 200 130 145 511 148 109 115 
133  96 115 157  72 112  67  78 100 112 185 136  84 121 139 103  97  97  97 121  97  63 115 112 124 151 121  85 133  84 124 121 133  66 154 154 133 103  91 172  60 118 136 154 121 115 121 114 142 142 112 121 133 142 170 127 127 166 121 148 145 145 121 115 
139 142  97 142  54  75  42  60  60 112 115 109  60 109 124  97  81  60 124  96 115 103 121 112 142 154  99 124 151 103 109 148 508  97  93 169 139 109 130 145  79 109 148 167 115 124 127 121 127 154 109 124 133 127 136 130 136 166 133 136 161 148  96 115 
142 130 103 133  91 109  67  97 106  96 121 133 103 121 145  87 109  85 115 121 103  97 121  90 124 154 109 109 130 106 109 136 157  79 173 151 121  78 130 142  79 109 148 142 127 121 130 133 130 136 109 124 142  96 139 127 148 188 154 151 145 148 130 115 
136 142  97 136  54 106  45  79  79  90 109  84  79 115 124 100  85  79 109 115 115  84 118 139 142 151 124 121 148 106 139 148 148  97 139 154 154  90 124 200  60 109 182 139 118 102 130 121 130 173  93 124 136 142 127 127 136 157 130 450 145 148 115 118 
145 142  78 163  78 118  85 103 115 118 133 142 103 142 109 103 106  85  96 109  94  85 115 124 121 142 109  97 136  84 109 133 133  60 109 142 127 127 469 191  60  93 148 142  96 124 130 121 105 124  90 105 133 142 151 124 130 157 127 148 142 145 109  99 
133 142  72 154  54  91  64  79  60 109 109 109  60 118 124  97  66  60  96 127 121 103 118 145 161 151 127 109 154  84 130 157 188  91 182 188 142 112 115 151  97 118 136 148 127 127 102 136 127 139 112 121 133 133 151 124 130 176 130 450 148 148 109 115 
130 142 103 151  97 133  60  87 118 121 130 142  81 142 121 121 100 121  97 124  90  85 115 133 118 154 118  91 133 109 121 136 139  85 142 166 130 115 115 154  79 112 148 142 127 121 130 124 124 121 109 121 133 130 154 124 127 154 133 432 136 167  90 118 
142 142  97 139  73  69  45  60  79  93 112 109  79 118 124  78  91 100 115 161 197 115 127 136 148 154 154 130 154 115 127 151 151 103 163 136 142  84 127 145  79 112 148 142 118 121 130 121 121 130 109 121 133 136 151 121 124 154 145 493 139 148  90 118 
133 142 103 173  94 103  82  97  84 130 127 121  97 124 136 109 112  84  78 124 112  91 109 136  96 154 139  78 145 115 127 127 139  66 142 182 130  75 133 154  79 124 148 136 127 124 130 124 102 121 109 124 133 130 148 121 130 160 148 145 490 145 109 115 
133 161  78 151  54  75  48  60  79  93  78 109  60 115 124  97  85  79 109 127 127 103 115 142 136 188 136 124 185 106 142 148 139  91 163 172 124  87 133 181  85 127 136 142  99 111 102 136 127 154  90 139 136 130 151 121 142 163 133 450 145 145 109 118 
142 161 118 166  72 127  79  78 103 115 130 121  78 124 133  87  97 100 109 109  72  85 118 133 121 142 124 112 136 109 130 139 139  79 145 193 130 112 130 145  79 112 145 142 118 121 127 121 130 173 112 139 148 127 160 130 130 160 133 133 474 148 115 115 
142 127  97 124  73 106  45  60  79 112  97  90  79 115 124  97  97  91 118 115 112  84 115 136 142 173 118  90 154 103 124 148 468  69 133 151 136 124 130 170  66 118 136 160 115 130 121 136 127 173  90 124 133 136 148 139 130 178 151 133 142 139 109 115 
142 161  84 163  72 127  63  97 106 130 124 121  78 121 133  87  78  63 121 109 124  85 118 133 121 160 133  91 133 103 112 136 133  85 136 151 133 121 115 163  97 115 139 154 127 127 121 121 127 151 112 121 136 133 173 102 121 203 121 191 136 145 109 115 
133 142 103 136  79 112  48  85  97  90  99 115  85  90 130  87 106  85 124 115 136 118 115 167 142 154 133 105 151 103 121 151 160  97 136 148 127 115 118 163  79 112 148 130 115 124 127 124 121 102 109 124 133 133 151 124 124 169 133 502 145 148 109 115 
127 142  84 151  78 106  54 103 115 109 133 124 103 142 102 112  84  84 118  96  72  85 118 133  99 139 108 109 136 103 109 133 139  85 127 154 127 115 112 148  79 112 148 142 118 121 127 121 121 121 112 121 133 139 151 102 130 160 133 191 145 167 109  96 
139 142  97 151  73 109  48  79  91  90  93 109  79 115 124  87  91  85 136 109 173 118 130 157 136 169 133 130 154  96 121 145 139 103 163 154 154 109 112 160  69  90 182 142 127 124 127 102 121 121 109 124 139 148 160 121 130 185 121 502 145 148 109 118 
133 142  97 136  72  97  51 100  84 115 127 121  78 124 133 103  97  85  91 112 115  66 115 136 127 142 133 109 136  84 109 136 139  60 127 166 121 124 112 157  79  90 167 145 127 124 130 121 127 151 109 124 145 130 179 130 127 157 136 441 142 157 115 118 
136 142 103 139  79  91  48  85  78 118 109  96  85 109 130 106  91  66  75 130 121 103 118 139 142 154 127 124 154 130 121 148 130  78 148 151 145 118 115 173  79 121 148 145 118 121 130 121 124 124 112 109 136 127 167 121 127 154 130 475 145 145 112 118 
133 139 103 151  97 124  85 106 121 118 178 114 109 142 127 115 103  97  87 124 100  85 115 112 124 154 121  97 133  84 127 139 139  60 148 188 121 130  84 188  66 124 148 142 133 109 127 133 142 154 112 121 133 151 151 127 139 206 121 133 145 157 121 115 
136 142  97 157  54  84  78  79  57 112 112  90  79 115 121  97 100  79 115 115  96 103 115 148 142 160  99 112 151  84 127 160 139  78 133 166 139  96 175 166  75  90 164 145 127 105 130 121 124 142  90 124 133 133 136 127 133 154 127 148 136 148 115 115 
188 161  84 154  78 112  73 103 115 115 127 142  84 142 121 109 118  91  72 109 124  91 115 136 118 154 130 109 136  90 109 167 139  79 127 164 130 106 136 142  60  93 148 148 127 124 130 105 121 121 109 124 133 142 124 124 130 179 124 468 145 145 112 118 
133 142 103 166  79 109  82  85  78 130 109 115  85 109 158  97  84  66  96 127 106 103 115 136 142 157 142 121 154  90 158 167 139 100 163 142 139 112 130 169 100 112 145 148 127 124 130 121 121 136 109 124 133 136 151 121 124 163 136 166 133 145 109 115 
133 142  84 148  72  90  88  97  84 115 130 121  78 121 124 103  97 103  78 109  94  85 115 136 109 160 115  91 136 103 124 136 139  85 142 139 127 106 130 142  79 109 148 148 115 124 130 102 127 142 109 124 139 130 160 130 136 148 136 450 136 148 118  99 
136 139  75 154  51  81  91  60  57 115  93  90  60 118 121  97  66  60 103  96 109  87 118 148 142 154 121 112 173 109 127 157 145  72 151 139 139 109 188 160  85 115 133 139  96 108 121 121 130 133  93 136 136 136 151 124 127 148 133 139 142 148  90 118 
136 142 100 139  91 109  85  97  87 115 124 121  97 121 136 106  97  82  75 121 106  66 118 133 118 139 124  90 136 115 109 145 139  60 136 148 127 100 166 148  54 112 145 145 115 121 130 121 127 142  93 108 145 148 172 127 133 157 136 164 142 145 115 115 
139 142  78 154  54  66  73  79  60 112  93 109  60 115 124  90  66  60 118 127 109 103 118 148 154 154 124  90 166 103 130 145 169  88 182 145 172 130 499 172  85 118 136 133 115 127 105 124 127 151 112 121 145 136 170 121 124 157 130 136 142 145 109  99 
136 142 103 163  91 124  54  78 103 115 130 136  97 105 133  84 112  66  88 121  91  85  96  84 109 139 118 106 136 103 121 133 145  82 130 163 142 109 127 206  91 112 145 167 115 121 130 121 130 154 109 124 136 176 160 130 133 157 139 133 466 145  96 118 
136 139  78 151  60  91  82  85  97 118  96 121  66 109 127 103  72  60 115 127  69 103 115 148 154 151 121 109 154 139 130 179 145 100 148 145 127 112 127 196  75  90 145 142 108 121 127 121 121 121  90 102 136 142 148 124 130 151 136 172 145 164 109  96 
133 127 103 148  91  87  63  97 103 115 108 121  97 121 136 103 109  66 115 105 121  85 115 136 118 160 124  72 133 103 112 145 127  85 136 142 139 103  96 142  79 118 136 136 115 130 121 136 127 154 109 124 133 136 151 124 127 154 136 456 130 188 109 118 
142 142 103 151  79  90  66  66 112  99 115 127  85  93 127 103 106  85 115 118  93  84 115 148 145 179  96 109 166 103 139 151 151 109 148 139 130 124 475 145  85 109 148 148 115 124 130 121 124 102 109 124 139 133 148 121 121 151 136 136 130 148 109 118 
139 142 103 175  91 121  82  97  84 118 130 124  97 124 136  84  78  66  78 121  88  85 115 136 130 151 127  91 136 106 121 133 127  60 130 164 127  91 127 167  79 109 160 142 115 124 130 121 111 154 109 124 148 124 160 130 148 160 130 136 457 148 118 118 
139 142  78 124  54  78  67  60 109  90  90 103  91 118 127 103  91  97 133 111 127 115 142 109 133 148 151 124 148 115 130 160 179 103 139 139 136 447 103 154  54 109 145 148 121  93 127 124 124 127 124 124 170 124 127 121 127 179 157 160 154 188 121 118 
139 142  84 160  75 109  67  97 106 115 124 121 100 121 136 103 124 103  97 127 112  72 109 133 130 179 118  97 148 102 121 136 127  66 139 169 139 100 111 151  60  93 148 142  99 121 127 121 121 121  90 102 133 133 151 121 127 176 130 136 511 148 121 115 
142 142  97 157  73  94  45  60  76  93 124  84  94 115 121  97  94  79 118 142 121  84 115 148 130 173 124 109 154 103 139 148 172  72 148 154 145  87 115 145  78 115 136 142 127 108 121 121 127 173  90 121 133 136 148 118 127 160 111 441 145 148 109 118 
139 142 103 191  91 106  82 100  97 130 139 136  97 102 136 103  78  78 109 124  91  85 115 133 133 142 121  84 133 103 102 139 145  85 130 148 145 109 109 185  85 118 136 142 115 127 121 136 121 151 109 139 133 164 148 124 127 148 136 133 496 145 109 118 
136 142  78 142  54 100  69  79  79 130 109  90  60 115 133  97 100  79 121 115  93  84  96 136 139 154 142 124 154 103 133 148 176  72 157 203 145 139 142 184  97 115 133 142 127 130 121 121 127 154 109 124 136 151 145 121 127 163 133 490 136 148 109  99 
136 130  95 159  83 115  65 100  95 127 127 113 106 124 136  95  92  71 100 124  80  77 118 139 110 174 113 112 136  95 115 136 145  77 139 177 130 168 429 157  77 121 139 145 130 122 124 139 130 157 112 127 136 139 162 127 130 174 136 139 156 159 112 107 
154 130 100 142  94 100  91  83  71 124 30696 112  82 107 127  95  94  88 124 145 124 118 130 139 139 168 142 133 183 112 130 174 151 100 151 174 130 115 101 163  71 115 162 145 130 124 130 124 124 139 101 124 136 139 165 124 130 169 130 450 145 145 115 118 
139 127  84 142  72 103 100  97 103 118 124 102  81 121 133 106  93 106 121 124  94  91 112 133 127 142 121 112 148 103 127 136 139  66 142 173 127  94 481 148  72 112 145 142 127 121 127 121 124 121 112 121 133 133 124 124 124 182 136 136 139 148 109  99 
133 136 103 133  54  97  45  60  60 130 118  90  97  96 160  97  97  79 133  96  91 124 112 136 160 154 112 112 203  81 130 145 176  72 139 154 151 139 127 169  75 115 148 136 133 130 136 481 127 157 109 124 136 136 148 179 136 176 157 148 167 114 109 130 
133 142 109 151  94 115  54  81 103 118 130 121 100 121 136 103 109 103  97 130  94  72 109 115 130 142 121  91 145  96 127 136 139  66 130 142 139  84 115 167  72 112 145 148 118 124 130 133 121 102 109 124 133 133 151 121 127 166 108 481 145 142  90 115 
142 139  88 154  70  85  67  60  76 115 109 109  79 115 121  84  91 100 130 133 130  96 130 133 148 170 145 127 133 109 127 148 139 103 148 154 130 118 169 148  73 109 148 145 115 121 130 133 121 121 112 121 133 133 151 124 130 148 127 136 139 142 109 118 
169 142  97 148  91  81  79  97 103 109 121 121  97 121 105  90  78  66  94 102 115  85 115 136 118 142 127 109 148  90 121 133 139  79 130 154 130 112 112 154  79  90 148 148 115 124 111 121 130 154 109 127 145 157 160 130 148 139 127 453 161 148 115 118 
148 108  90 167  54  82  51  79  60 112 118 109  60 118 121 103  66  60  96 130  69 103 115 136 142 154 121 103 170 136 139 148 145  91 148 182 142 145 103 154  85 115 136 151  96 130 124 133 127 142 109 124 133 136 151 124 121 154 115 136 474 145 127 115 
133 142  97 163  94 127  85 100  87 115 127 124 100 105 136 103  78  66  75 124  88  85 109 133 118 160 124 112 136 103  90 133 170  82 182 182 130 106 118 172  85 115 133 139 118 130 121 133 127 154 109 124 133 151 170 121 127 157 142 136 447 148 109 115 
127 142 103 139  79 103  73  85  97 118 127 115  85  90 127  84  94  85 118 118 121  84 115 148 142 154 130 109 151 103 102 145 170  97 136 166 127 103 130 142  91 112 148 148 115 121 127 124 121 121 109 121 133 142 151 124 127 163 136 496 142 148 112 115 
136 142 115 163 100 124  73 106 115 115 124 142  84 142 124  93 130  85  97 124  91  66 118 133 118 139 118 109 136 103 109 145 139  66 139 151 133 115 130 157  79 109 148 145 118 121 127 102 121 121 112 121 136 148 151 121 127 154 130 148 436 148 109 115 
136 142  78 139  73  82  51  60  60 109 103 109  79 118 124  78  78  60  96 127 112 103 115 139 148 157 121  90 151 106 139 148 157  91 145 163 160 130 148 200  85 127 133 151 115 127 121 124 127 139 109 121 139 111 148 121 130 160 133 469 136 157  90 115 
133 142 103 157  94  81  48  97 103 115 124 127  97 102 121  84 112 106  97 111  69  91 109 133 127 142 124 109 145 121  90 145 121  85 148 154 121  97  99 157  79 112 145 167 118 121 127 121 124 121 109 121 133 145 151 121 130 175 127 136 439 167 109 115 
127 142  84 145  60  72  51  85  78 118  99 115  66 109 130 103  72  81  96 130 102 103 118 145 142 160 127 109 151 106 109 176 139  78 148 133 127 103 115 148  60 109 148 133 108 121 127 136 121 121  93 102 136 133 151 121 127 154 136 456 148 148 112  96 
161 139 103 142  94 109  82  78 103 115 121 121  97 124 145 103 112  82  97 121  88  63 115 121 121 157 121  90 136 106 121 133 130  66 130 160 108 118 103 160  66 127 136 154 115 130 121 121 127 170  90 105 136 133 148 118 127 185 130 172 164 145 112 115 
139 142  78 136  54  66  61  60  57 112 124 109  60 115 124  72  66  60  96 127  88 103 115 148 142 154 121 112 154 103 109 157 139  97 148 148 139 124 450 157  79 112 148 148 127 124 108 124 127 151 109 127 148 130 176 127 136 179 136 154 142 167 115 118 
161 142 103 154  97 136  81 106  96 105 136 139 106 136 121 109 118  85  78 124  90  85 115 136 118 142 115  72 133  87 109 136 127  60 130 145 130  81 130 148  60  90 148 139 115 124 130 127 124 102  90 105 136 136 151 124 127 166 136 423 142 145 109 118 
133 142 103 163  79 112  79  85  93 130  78  96  85 109 111 106 118  66  96 115 109 103  96 148 161 160 124 109 166 103 139 151 139  90 145 154 121 115 115 160  79 109 148 148 118 124 130 124 121 121 109 139 133 133 151 121 130 185 133 441 142 148 109 118 
127 142  97 139  91 121 103  97  84 118 124 133  97 124 136 106  93  66  78 124  97  85 118 133  99 160 112  91 136 109  96 164 139  85 142 161 127 109 130 145  79 109 148 148 115 121 130 121 130 154 112 115 139 127 179 130 136 160 133 472 133 148 115 118 
133 142  97 148  54  78  48  60  79  90  81 109  60 118 121  78 100  79 115 130  99 103 115 167 142 154 133 109 185 103 127 136 139  97 139 187 145 115 112 157  79 109 148 142 118 124 130 133 121 154 109 127 139 148 160 108 133 172 133 514 164 148 115 118 
133 130 103 127  91  78  67  78 103 115 124 105 103 121 133 103 109  85 118 121 103 100 124 109 145 154 127  85 127 115 109 133 121  60 127 151 124  97 124 145  79 109 145 148 115 121 127 136 164 121 118 133 139 118 142 127 148 160 166 160 145 136 130 106 
136 142  78 160  60 115  79  85  97 133 127 121  66 109 127 103  72  66 115 130  85 103 118 148 142 154 118 112 154  90 127 148 151  97 139 139 127 100 447 145  60 109 148 139 127 121 127 121 121 133  93 102 136 151 151 121 127 170 136 136 161 161 109  99 
136 142 103 160  97 124  85  84 118 118 438 142 103 139 130 121 106  66  97 124  88  85 115 109 118 160 108  91 133 103 124 133 139  79 130 154 124 100 127 163  79 109 148 142 118 124 127 121 124 124 109 124 139 133 148 121 127 184 127 133 142 148  90 115 
145 142 103 333  79 115  94  66  97 115 109 115  85 109 130  87  91  85 103 115 133  84 118 133 142 151  99 124 154 103 139 145 139 100 121 154 130 106 124 178  79 109 148 142 118 121 130 124 121 121 112 121 136 145 151 121 130 154 136 453 157 148 109 118 
130 136  87 124 100 139  75 106 133 102 148 142 118 444 148 109 106  85 121 112 112  66 118 136 127 142 112  75 142 100 124 133 148  79 115 169 136  93 124 184  79 109 145 142 118 124 130 142 124 121 109 124 142 151 167 136 142 160 170 151 169 136 109 154 
127 142  97 151  54 100  67  60  79 112 127 109  60 115 121  90  88  97 115 127 103 106 115 148 139 160 127 109 151 109 130 148 139 106 163 136 127 100 127 160  79 109 145 145 127 124 130 121 127 173 109 127 133 124 160 130 136 148 133 475 139 148  96 115 
136 139 100 157  91 124 100  97  84 118 121 121  97 102 148 103  78  66  78 109 103  85  99  78 118 160 112  91 136 103  90 133 139  85 163 179 127 106 166 173  60 112 148 139 115 121 130 121 127 154 112 124 145 130 160 127 133 185 133 139 161 148 115 118 
148 139 103 145  54  63  61  60  60 115 154 109  72 115 142  81  85  76  90 127  97 103 118 127 160 154  99 103 170 112 133 130 145 100 148 154 130 112 103 154  54 109 145 130 133 109 130 133 130 148 109 124 157 114 148  90 102 185 166 139 145 157 121 115 
133 127  84 136  72 109  82  97  84 121 124 121  97 124 133 103  97  97  90 124  91  85 115 136 118 160 115  91 148 103 115 136 139  60 136 142 127 118 127 145  79 112 148 145 127 124 130 102 105 151 109 124 133 136 179 130 127 160 136 447 136 133 115  99 
133 142  78 151  54  90  54  60  60 112 103 109  60 115 124  97  66  75 115 115  90 103 115 136 167 157  99 124 154  84 112 164 173  72 130 200 133 164 454 154  78  96 136 154 108 130 121 130 127 154 109 124 136 136 148 124 130 163 136 136 142 148 124 114 
139 142 103 184  97 154  91  84 118 118 127 139  84 142 130 109 103 100 121 121  88  66 115 133 130 160 105  69 136  84 109 145 139  79 130 148 127  97 121 148  79 124 148 142 115 121 130 133 124 105 109 121 145 133 170 124 127 157 127 148 478 176  90 118 
139 139 121 124 139 103  73  79  79 115  88 109  94 423 145  78  66  79 133 118  91  84 112 136 145 160 112 130 169 100 124 145 142 103 124 148 127 121 139 151  79 115 145 136  96 124 130 173 130 154 109 124 136 145 157 139 148 188 154 142 145 133 115 118 
164 161 115 142  60 121  48  97 103 118 127 102  81 121 136 103  97  85  97 121  69  66 115 136 118 157 105  91 133 103 124 136 139  60 130 175 130 100 127 160  60 109 167 157 118 124 127 121 121 154  90 105 148 148 160 127 136 163 105 505 142 145 115 115 
127 142  97 142  54  85  64  79  79 112 121  90  75 118 124  97  85  60 118 130 133  84 115 148 142 151 124 124 173  87 127 148 136  72 139 218 145 121 127 182  75  96 136 133 115 130 124 130 121 154  90 124 139 130 151 124 124 197 136 483 145 148 109 115 
127 142 103 142  72  72  90 100 103 127 121 130  78 124 133  84  93  85  97 109  81  82 115 133 118 157  96  91 133 103 109 145 139  85 108 136 130  87 166 148  85 115 133 139 115 127 121 124 127 151 109 121 133 133 151 121 127 169 136 136 142 145 109 115 
142 142  97 154  79 118  82  66 115 118 103 115  85 112 127 103  94  85 133 118 109  84 118 148 139 154 118 109 154 103 158 145 139  97 145 133 130 118 471 170  79 109 148 127 118 121 127 121 124 121 112 121 133 136 170 121 133 163 136 139 136 148  90 115 
139 142  84 166  75  90  79  97 103 118 124 121  97 124 133 103  87  85  78 121  69  85 115 136 112 139 130  85 133  90 109 167 148  91 130 182 124 100 115 151  60 118 145 136 115 124 130 121 130 154 109 127 139 142 157 136 136 160 130 179 505 148 118  96 
111 142  97 139  73  94  45  79  79  93 115 109  79 115 124  97 109  85 115 115 130 115 127 124 136 154 118 130 154  93 115 157 142 112 142 182 139  96 411 148  60  90 145 148 127 105 127 102 124 121  90 124 136 130 148 121 130 154 133 136 130 139 109 118 
139 142 103 136  94 103  66  78 103 121 124 121  97 102 136 112 112  66  97 118  88  66 115  91 118 142 121  90 133  87 121 133 139  79 121 154 130 127 444 148  60  90 145 142 118 124 127 124 130 151  90 105 136 148 157 127 139 157 133 136 142 148  96 115 
139 142  78 139  73  66  64  60  79 112 112 109  79 115 121 103  85  79 121 115 133 105 136 115 142 179 133 124 151 127 142 148 197  97 112 148 130 124 106 169  91 109 145 142 127 124 127 121 130 154 109 124 151 130 160 115 133 170 121 136 142 154 115 115 
142  96  96 136  72 103  88 100 103 112 130 130 160 124 127 127 121  81 121 115 112  81  99 133 127 157 109 112 136  84 121 133 133  66 139 176 136 124 130 136  60 115 136 142  99  96 121 121 121 121  90  84 139 136 133 102 130 148 142 215 154 148 121  96 
133 118 154 127  54  66  67  60  79 121 115 103  85 115 145 103  85  60 115 115 121 118 130 139 130 157 118 127 136 127 124 160 157  97 103 148 124 109 139 124  73 109 145 154  99 109 130 142 124 121 109 112 142 167 136 139 127 145 136 172 179 145 130  96 
142 142  97 175  91 118  73  97  87 115 145 124  97 124 136 103 112  84  78 121 100 112 127 127 111 151 124 109 124 109 102 136 145  66 130 160 121 106 127 160  60 109 148 139 115 124 130 136 108 121 109 124 133 139 151 124 130 157 121 145 484 148 112 118 
133 142 103 157  73  69  67  60  79 112 118 109  91  96 139  97  88  79 115 111 103 103 115 142 160 154  99  90 154 109 124 175 151  97 133 148 111 100 103 178  79 118 133 154 133 115 121 136 127 142 112 121 133 142 151 127 136 145 121 456 133 148 121 118 
142 130 145 139 100  90  73  78 103 121 112 127 103 121 142 106  97 100  97 124  97  66  93 133 127 142  93 118 142 103 459 136 145  85 112 154 142 109 115 142  66 115 148 142 127 127 124 133 130 173 109 121 136 127 148 127 142 160 130 139 145 154  90 121 
136 142  97 130  79  94  54  85  78 109 112 127  85 109 124 103  72  66  84 127 121 106 115 148 142 154 121 109 154  84 109 160 151  97 130 154 130  96 127 151  60  90 145 148 118 105 130 121 102 124  90 124 136 136 148 121 142 163 133 499 139 148 109 118 
139 142  78 178  91 121  54  97 103 115 124 121 100 121 136  87  90  66  97 124  69  85 118 133  99 154 124  85 148 103  90 136 145  97 130 200 127 115  99 175  97 118 133 142 115 127 102 136 127 151 112 121 133 127 148 124 124 160 121 139 465 148 109 118 
163 103 112 106  60 100  73  78  91 121 118 136 448 109  96 103  78  66 118 105 139  99 127 148 112 160 115 124 139 127 127 133 148  97 108 203 130 112 112 142  73 109 163 142 127 109 127 136 121 121 109 103 139 136 173 105 130 191 142 181 151 160 121 115 
133 142 103 179  91 127  54  97  84 118 105 121 100 121 136 103  78  66  78 121  91  85 115 136 118 151 105  91 133  90 109 136 139  66 130 173 130 106 127 160  79 124 148 142 127 124 127 121 158 154 109 127 139 139 179 142 130 157 136 441 145 148 115 115 
136 142  97 157  73 100  94  60  79 127 109 109  79 115 124  84  85  79 109 115 118 103 118 145 142 179 121 124 151 103 109 157 139  97 142 163 191 121 139 188  79 109 148 142 115 121 127 121 130 182 112 124 139 133 160 130 142 166 130 511 161 148 115 115 
139 127 103 130  91  84  48  97 106  96 124 121 103 121 133 103  81  66 115 121 103  81 121 112 108 154 115  85 127  84 112 145 145  85 142 179 139  84 121 154  66  99 114 142 127 130 121 121 136 136  90 105 133 115 151 148 136 179 169 166 148 133 124 118 
136 142  97 160  54  94  48  79  60 112  93 109  60 115 124 100  81  60  96 127  85 103 118 133 108 154 121 109 185 136 121 148 148  97 111 148 142  81 130 182  79 109 148 142 118 121 130 121 127 142 112 127 145 139 160 108 130 160 133 450 145 148 115 118 
145 139 103 145  94 109  48  97 100 112 441 130 103 121 127 103 100 100  97 124 100  66 115 109 124 154 124  85 133  90 121 133 151  79 148 169 124  81  84 148  54  90 148 148 102 112 130 127 139 142 109 124 142 133 148 136 121 178 173 170 142 148 124 115 
136 130  78 139  54  85  45  79  60 112  93 109  60 115 105  97  78  60  96 127 108 103 115 133 161 151 124 124 173 103 112 157 160  91 145 157 130 106  84 176  85 115 139 139 108 127 121 124 127 154 109 121 136 133 148 124 130 136 133 480 136 148 109  96 
133 142 103 173  91 106  82  97 118 118 130 133 100 121 133  87 115 103  97 102 115  91 112 133 127 139 121  78 145 103 108 139 139  85 121 154 118 115 127 145  79 112 145 161 115 121 130 121 121 121 112 121 133 133 151 124 130 160 133 468 145 167 109 118 
151 127 109 136  73  85  60  72  79 112 100 124  79 115 121  97 106  79 115 130  94 102 118 148 154 154 121  90 154 103 142 148 169  72 139 133 133 106 181 148  85 115 133 139 115 127 121 121 127 173 112 121 133 145 151 121 127 154 127 139 142 142  90 115 
136 118 154 118  91 118  60  97 103 118 130 127 106 124 145  78 124 109 130 115 127 103 115 136 115 176 115  87 136 109 109 136 154  85  84 160 145  84 133 145  60 112 148 154 118 109 127 139 121 121 109 103 154 136 133 124 127 154 130 142 160 157 124 115 
158 139 103 145  60  69  57  82  97 136 118 115  87 130 139 106  84  63 127 115 130 118 121 148 148 151 115 109 166  84 127 157 206  97  99 163 127  87 127 172  72  90 145 142  96 109 127 102 127 145 112 102 148 151 151 105 136 160 145 148 163 139 130 115 
133 142 103 145  91 124  51  97  78 127 124 133  81 121 133 103 100 100  78 124 121  66 118 121 118 154 121  91 133 106 112 136 139  66 127 136 139  99 145 181  85 115 136 133 115 127 121 124 127 154 112 121 136 136 170 124 139 151 136 472 130 139 124 118 
133 142  84 139  60  75  73  66  97 118 103 121  85 109 127 103  91  85 130 111 115 103 115 136 142 154 115 112 154 103 121 145 151  97 154 151 127 121 447 148  54 109 148 142 115 124 111 121 124 121 109 139 136 136 167 121 121 139 136 136 142 139  90  99 
142 142  97 148 106 109  57  78 106 118 112 130  97 102 133  84  97  85 115 109  97  85 118  72 121 142 115 109 136  87 121 133 127  76 124 166 127 121 441 194  60 109 148 142 127 121 127 124 127 151  93 105 164 130 160 130 136 145 148 136 142 148 115 118 
133 142  97 136  54  75  57  79  60 115  96 109  60 115 102  97  72  66 124 142 121 118 130 148 136 154 130 124 151 109 115 164 145  84 148 154 124 121 484 148  60 112 148 142 127 121 127 121 102 121  90 102 133 142 136  99 130 163 121 148 136 148 109 118 
148 139  99 169  72 115  82  97  84 115 136 136 112 121 133 103  78 100  78 121  91  63 109 136 118 160 130  91 133  84 109 145 151  66 136 163 127 121 111 151  66  96 136 142  96 130 121 133 111 154 109 124 136 136 148 102 130 185 133 172 145 145 109  96 
142 142  97 136  73  85  45  79  79 115 109 109  79  99 121 100  91  85  94 142 133 145 136 133 136 154 115 124 154 130 127 157 163 103 127 169 124 139 444 185  91 109 148 142 127 121 130 121 109 121 109 121 136 133 148 124 130 154 127 151 136 148 109 115 
139 142 109 176  72 103  48  97 103 115 121 121  97 124 133  97 112  84  75 127  69  91 109 136 142 139 121  97 148 121  96 145 139  85 151 148 127 100 127 157  79 112 145 142 115 124 130 124 124 121 109 124 133 136 151 112 124 151 130 441 139 148 112  96 
142 142  78 136  60  94  76  85  78 121 118  96  66  90 130 106  91  85 103 127 121 106  96 145 130 160 112 112 154 106  90 160 139  78 139 136 127 127 453 151  72 109 167 142 115 102 130 121 109 121  90 121 136 133 148 121 130 176 133 139 142 148 109 118 
148 139 103 163  72 127  69  97 103  96 127 121  78 121 136 106  97  85  97 121  84  72 115 121 118 139 124 109 136  84 121 136 139  60 136 154 127  96 112 157  60 124 148 142 115 121 130 121 127 154 109 105 133 157 160 127 136 157 133 191 145 148 127 115 
136 142  97 160  54  97  91  79  57 112  81 112  60 118 121  97  85  60  96 130 109 103 115 136 142 154 142 112 173 109 127 157 172  88 154 182 139 109 453 163  66 115 133 142  96 130 124 121 105 154 109 124 136 145 148 105 121 185 133 136 161 145 109 115 
157 127  84 179  72  90  51  78 103 109 124 121 100 124 133  84 112 103  97 127 121  91  90 114 142 139 121  97 145 115 127 133 127  85 136 202 118  84 112 154  60 109 145 161 108 121 130 136 121 121 109 121 136 133 151 124 136 175 133 481 145 142 112  96 
139 127  97 145  54  91  51  79  60  99 115 109  79 115 127  97  88  60 115 130  88 103 115 148 139 154 121 109 154 103 124 167 139  78 127 136 130 121 459 148  60 112 145 142 118 124 127 124 130 151 109 124 136 127 160 136 136 151 133 148 145 145 115 115 
142 142 103 108  72  97  60 100 103 115 121 124  84 124 136  87  97  82 118 121  84  97 102  96 124 173 115  66 127 103 109 145 157  79 142 151 115  97 124 139  60 109 148 142 118 121 127 133 127 133 109 124 154 115 139 127 136 160 191 148 167 133 127 115 
136 142  84 444  54  82  64  60  87 109 109  81  60 118 136 112 100  60  96 127 106 118 133 112 136 148 115 106 130 127 121 176 157  72 124 148 133 103 148 136  60 118 136 142 127 111 124 136 133 127  90 124 167 154 148 121 127 160 154 151 148 164 121  99 
148 142  84 145  78 115  57 103 118 115 133 139 103 124 121 127  97 103  97 102 139  85 115 136 121 151 127  88 133  84 127 139 127  97 136 148 130 106 127 154  60  93 145 148  99 124 127 121 109 121 109 139 133 136 151 121 127 173 136 194 145 164 112 115 
151 142 109 142  72  72  45  91  60  96  90 109  60 118 102  91  72  66  84 142 130 115 127 136 136 142 105 130 139 115 127 145 133 103 124 136 130 124 487 151  79 109 148 136 127 124 130 124 105 121 109 124 136 136 167 121 130 160 121 136 145 169 109 115 
139 142 115 139  97 106  60  84 127 102 130 121  84 142 121 109 103 118  97 121  72  66  96 136 121 139 109  91 133 103 109 145 139  79 136 154 118 124 447 145  60 109 164 142 127 124 127 121 130 121 109 124 136 136 148 121 130 154  96 139 142 148  93 115 
142 142  97 169  73  88  45  79  60 112 109 106  79  99 124 100 103  85  84 170 136 130 130 121 148 157 157 127 139 112 127 145 139 103 148 148 130 115 130 154  79 109 148 127 115 121 130 124 124 121 112 121 136 142 170 121 127 157 136 136 490 148 112 118 
115 136 118 130  75 103  51  78 103 105 109 121 106 105 148 115 109 106  97 121  75  91 112 136 133 139 121 100 154 108 130 139 154  85 112 154 148  84 173 154  79  90 148 127 142 121 130 158 121 459 112 121 133 136 148 145 145 157 182 133 142 136  93  99 
182 163  97 148  73  85  45  79  60  90  78  90  79 118 124  91  66  94 115 130 124 103 115 136 142 154 124 109 154 109 142 148 151  78 130 166 154 121 130 139  91 109 148 139 127 124 127 133 127 151 109 127 170 136 157 127 133 157 133 484 142 160 118 118 
142 142 103 148 103 127  69  84 115 133 130 139  87 161 151 109 106  78  97  90  75  66  96 136 121 139 118  91 133 103 130 136 139  79 136 148 130 115 112 151  60 109 148 142 118 124 145 124 124 121 109 124 139 130 148 121 130 163 133 481 145 142  90 115 
133 142  97 142  54  63  64  79  60 136 106 109  60 115 124  97  78  60 115 115 115 106 118 109 142 154 105 109 151 106 142 167 508  72 112 166 151 106 118 148  85 115 133 139 127 127 121 121 142 154 112 121 139 148 170 102 130 151 142 136 170 148 109 115 
142 142 103 157  91 127  67  97 103 115 124 121  97 105 136  81  78  66  97 124 127  85 115  91  99 139 121  72 133 103  90 133 130  79 169 173  99 106 127 145  54 109 145 142 127 124 130 121 127 151  90 108 145 127 133 130 133 161 121 459 145 148 130 118 
133 142 106 148  88 106  48  72  75 124 124 102  94 118 124  97  91  85  99 142  81 118 130 121 133 154 139 127 151 109 136 151 127  84 136 163 130 118 154 169  60 112 160 142 115 105 130 121 121 121 121 121 133 160 151 136 127 160 133 200 145 167  90 115 
136 139 103 151  97 102  76 103 115 115 127 139 103 139 102 109  99  84  97 124  72  85 115 136  99 142 121  91 133 103 127 136 139  85 127 151 127 109 127 145  73 109 148 130 115 124 111 121 124 124 109 124 136 145 167 121 127 154 133 187 142 148 109 115 
133 136 136 130  66  90  88  85  97 118  99 118  88  90 145 109 106  85  97 130  88 118 112 145 160 154 124 142 169 103 453 148 185  97 115 139 136 127 130 157  79 109 148 139 118 121 130 142 121 121 109 121 136 173 148 111 142 160 188 215 166 148 142  99 
127  87 154 127  97  78  82 106 130 127 136 121  96 139 108 124 115  81 115 124 103 100 115 133 127 160 118  97 136 115  93 133 127  57 139 160 130 103 136 127  79 112 148 151 118 112 127 142 127 121 109 103 139 136 154 121 139 154 151 182 154 172 121 115 
133 142  97 157  73  63  70  60  79 112 112  84  79 115 121  97  88  79 115 118  69  84  96 148 142 173 127  90 151 103 121 148 145  78 142 145 127 103 127 148  60 109 148 142 115 124 127 121 130 154 109 127 139 148 160 130 133 163 130 450 145 145 118 115 
133 142 103 139  91 121  82  78 103 121 115 130  97 105 136  84 112 103  94 109  94  72  93 121 130 157 112  78 148 103 121 133 121  82 127 145 130 112 447 176  60 109 148 142 115 102 130 124 121 121  93 139 136 145 148 124 136 160 136 170 145 148  93 118 
130 142 115 145  60  84 109  66 115 102 109 124  81 109 127 103  91  85  97  96  75 106 115 148 139 154 127 124 154 106 112 145 167  97 127 154 142 102 142 172  79 121 145 161 118 121 127 121 121 121 109 121 136 139 124 121 127 160 133 520 142 148  90 115 
142 142  84 160  78 115  76 106  99 139 133 121 106 139 121 112  96 103  78 112 103 103 115 106 118 142 112  88 133 106 121 133 505  60  96 151 130 106 115 136  79 109 145 139 115 124 130 121 102 124 109 124 136 133 148 136 127 163 136 136 133 145 109  99 
142 161  84 142  60 103  82  66  78 118 112 115  66 109 130 103 109  66 121  96 124 103 115 136 142 154 124 124 154 106 112 145 176  97 127 169 145 100 456 145  79 109 145 142  99 124 127 121 124 133 109 124 136 136 167 105 130 145 127 170 142 145  90 115 
136 142 103 158  91 112  48  78 103 118 121 121  78 133 133 103 100  85 118 124 133  66  96 136 133 142 130  72 133 103 112 133 151  82 127 148 118 118 115 169  66 115 182 142 127 130 121 124 127 173 109 124 114 136 148 121 127 154 133 487 142 148 109 115 
127 127  78 136  54  66  97  60  60  96  81 109  60 115 121  97  69  79  96 111  94 124 115 148 139 154 127 112 151 103 109 157 160  91 136 148 142 121 472 148  97 118 133 142  96 130 121 124 130 151 109 124 133 139 148 121 130 151 148 136 145 148  90 118 
133 142  84 142  75 112  85 100 103 121 127 121  97 121 121 106  93  81  97 124  94  66 115  91 133 142 115  91 133 103 109 145 139  60 105 172 142 109 466 160  79 118 148 142 118 124 127 124 130 151 109 124 136 127 160 108 133 160 133 148 161 145 115  96 
133 142  97 136  73  88  45  60  97 112 112 112  79  99 121  97  94  85 103 142 112  96 130 148 133 154 124 127 151 109 139 148 136  97 133 136 130 133 462 148  79 112 148 136 127 121 127 124 127 121 109 121 133 136 154 121 130 154 148 139 142 148 109 118 
133 139 103 136  91 106  88  78 118 115 121 124 112 102 136 103 109  85  88 121 130  72 118 115 118 139 124  84 133 106 124 139 142  60 136 142 124 121 124 164  54 109 164 148 115 121 127 121 130 142 118 133 170 142 160 115 127 157 102 175 145 160 115 115 
139 139  97 163  54  69  48  79  60  93  90 109  60 118 124 100  72  66 124 142 115 115 130 121 133 154 142 139 136 121 142 148 151 112 136 179 158 112 139 169  60 124 164 148 127 121 127 102 121 121  93 102 133 127 151 124 127 157 136 172 142 145 109 115 
145 139 103 139  91  97  60  97 103 115 124 130 103 102 151 103 127  78 118 121  84  97 124 109 105 154 115  69 127 103  96 133 194  85 115 185 127 112 124 157  66 127 136 133 127 127 124 133 121 136  93 121 142 118 151 136 121 160 179 154 114 178 124 115 
133 142  97 136  73  88  48  60  79 112 112 103  79 115 124  78  66  79 130 130 118 103 115 167 151 154 121  90 154 106 142 151 148  91 139 139 142 118 127 160  88 115 136 139 127 130 121 133 127 142 109 124 136 136 151 124 127 142 136 505 139 145  90 115 
145 142  84 151  75  81  82  97 103 115 121 121  97 121 136 103  97  85  97 124  69  66 115 136 127 142 102 109 133 103 115 136 130  78 130 154 136 112 118 145  60 124 182 148 127 124 127 136 127 151  90 124 136 136 160 133 136 157 127 145 471 148 115  96 
136 142  78 142  54  97  48  60  79  93 118 109  60 115 124  87  72  66 121 142 118 103 127 148 136 154 145 109 136 109 139 148 151 103 148 151 124  78 124 167  79 109 148 142 118 124 130 121 121 121 109 124 136 114 167 121 127 148 136 444 145 139 112  99 
142 161  84 151 109  90  51  97 103 112 139 121  78 124 124 109 106  85  72 121  99  85 115 136 118 154 121 109 136 118 115 142 127  82 136 148 130 109 127 163  85 127 133 139 118 130 124 121 130 151 109 124 139 130 167 124 130 154 121 493 148 148 109 118 
136 130 103 139  79 106  70  66  97 127 115 127  88  90 127  78  94  85 115 130 109 106 115 148 142 173 133 109 154 106 127 148 158  97 151 166 130 118 127 157  79 109 145 145 115 121 127 124 121 102 109 121 136 136 148 124 121 164 133 453 136 148 109 115 
133 142 103 178  94 115  73 100 103 115 130 121 100 121 136  84  78  81  97 124  88  85 115 136  90 142 127  91 136 109 102 136 139  79 151 151 188  97 130 163  73 130 148 142 118 124 127 124 127 151 109 127 139 148 133 127 133 163 127 133 475 145 115 115 
111 142  78 139  54  63  70  79  60 118  97 112  60 115 136 100  91  79 115 130 115 106 115 148 148 179 124 109 154  84 130 157 148  97 157 184 136 118  96 154  72  90 145 127 108 124 127 124 127 148 109 142 148 151 151 127 133 182 154 450 142 136 118  99 
136 142  84 136  72 109  91  97 103 124 130 121  97 121 136 106  97  85  97 121 103  66  99 133 133 176 118 109 148 103 121 136 142  79 130 157 127 112 127 167  60 112 148 148 127 121 130 121 124 154 112 124 136 145 160 136 136 178 151 480 136 148 118  99 
159 130  89 163  65  71  59  71  71 112 106 112  71 118 113  89  80  71 101 133  95  95 118 130 142 168 130 127 154 124 104 171 139  94 139 151 133 109 101 148  77 121 148 145 118 130 113 133 113 157 112 113 136 136 136 124 133 166 107 136 473 151 112 121 
167 161 115 142  91 115  54  78  84 109 124 127  78 121 121 109  97 115  78 130 109  66 127 133 130 142 124 109 133  84 115 136 130  66 142 148 133  87 154 151  66  96 133 139 115 127 124 133 105 154  90 102 133 133 151 121 127 163 127 139 139 142  90 115 
136 142  72 139  54  66  79  60  76 115 100 112  60 118 124  78  66  60 115 108  97 118 115 167 142 151 121 109 154 109 127 145 188  88 139 151 142 106 453 181  85 115 136 142 124 130 124 121 127 154 109 124 136 136 148 121 127 151 130 139 136 148  93 118 
148 142  97 136  91 121  45  78 103 121 130 127  97 124 133 100  81  66  97 102 118  66  99 133 121 139 136  72 136 106 109 139 158  79 163 154 130 115 127 172  60 109 145 148 115 102 130 133 127 139  93 124 148 133 160 130 130 166 121 496 142 167 118 118 
136 142  84 163  54 100  45  79  79 109 112 106  91 118 127  99  69  60 109 130  81 103 115 139 145 188 130 103 160 109 133 127 145  97 139 142 130  97  96 160  73 109 148 139 121 109 111 133 127 148 112 124 139 160 160 121 136 197 185 154 420 148 133  99 
136 142  78 185  75 103  82 100 103 133 124 121 103 124 133  84  81  66  78 124 115 100 124 136 127 142 112 454 133 109 109 145 130  85  93 148 139 127 106 160  85 127 148 142 127 130 124 133 127 154 109 124 136 102 148 102 133 160 142 148 145 127 115  96 
136 142  97 139  73  85  51  79  79  96  90 112  79  99 124  78  85  79 130 115  72 124 115 142 142 160 124  90 154 103 133 148 172  91 139 163 160 133 411 173  85 115 133 154 115 130 124 121 136 142 109 124 136 139 148 124 130 157 133 136 130 145 109 115 
133 108  78 179  72 115  51  97 103  99  87 127  78 121 124 103  78  66  97 102  69  85 115 136  99 139 102 109 136 103 109 136 142  85 108 190 127 118 118 160  66 118 133 142 124 130 121 133 142 154 109 139 133 148 151 124 124 163 130 218 148 148 109  96 
136 142  97 151  54  69  60  76  79  93  90 109  57 118 121  91  97  60 130 127  90  84 118 148 142 160 124 109 185 106 127 157 148 100 139 163 142  84 185 151  79 109 148 142 118 121 127 102 127 139 112 139 172 130 160 127 136 163 133 139 139 145 127 115 
136 142 103 157  97 112  54 103  96 115 130 124 103 142 139 121 106  99  78 121 100  85 115 133  99 139 124  72 148  87 112 136 139  60 154 194 127  81 130 170  60 121 148 145 118 121 127 121 127 121 109 121 139 136 148 121 130 157 136 472 145 148 109 115 
133 139 100 154  76 118 109  66  97 118 112 115  85 109 127  84 103  85 127 115 106  84 115 148 139 170  99 109 169 103 127 148 139 100 136 139 161 103 169 151  79 109 148 142 115 124 130 124 121 121 109 124 136 133 148 148 108 169 133 139 136 148 109 118 
139 142  97 166  91 100  67  78 103 115 124 121  97 124 133 103 100 106  88 124 112  72 130 121 109 142 127  90 136  96 109 145 139  79 151 148 139 109 118 173  60  90 148 142 118 105 130 124 130 139  90 124 145 130 130 115 105 163 136 450 142 148  96 118 
133 456 103 112  79  75  70  66  91 109 124 105  88  90 133  97 106  66 130 133 136 121 108 139 133 160 115 115 136 130  96 157 154  72 139 142 124 130 136 133  54  90 148 154 118  90 130 139 102 121  90  84 142 139 154 124 130 148 145 130 181 145 121 115 
145 161  84 139  72 109  51  97  84 118 105 136  78 124 136 103 112  85  97 124  96  66 115 133 118 154 127 109 133 103 124 136 139  60 121 148 127 109 127 157  60 109 145 142 118 102 127 121 127 151  90 127 136 148 160 127 133 154 133 469 142 148 115 115 
130 142 103 136  60 115  51  66  97  99  90 115  66 109 139 103 106  85 115 127 115 106  96 136 139 154 164 109 170 106 121 148 139  97 173 136 130  84 130 157  60 121 164 142 127 124 130 121 124 136 109 124 136 142 148 105 130 163 133 475 145 148 109 115 
136 127 115 154  94 109  82 100 103 115 130 121  97 102 133 103 112  81  94 124 118  85  96 136  99 142 127  91 133 103 121 133 139  85 139 145 121 109 127 163  85 130 136 142 118 130 121 121 136 154 109 124 133 136 148 121 127 184 136 453 164 164 109 115 
136 142  78 136  60  97  79  66 100 121 112 115  66 109 127 103  94  85 100 115 115  84  96 136 127 170 115 109 151  87 130 145 133  97 124 133 145 115 438 154  60 109 148 142 127 124 130 121 121 136 109 124 136 136 148 124 127 191 145 136 142 148 112  96 
136 161  84 142  75  97  72  78 118 121 115 124  81 121 133  97 112 106 109 109  69  72  90 145 142 142 118 106 160  87 124 133 139  82 133 148 130 133 474 148  60  90 164 142 127 124 130 102 124 133 109 124 136 148 148 102 130 148 133 136 142 148 109 115 
136 142  91 127  54  75  61  79  60 124 121  93  79 118 133  91 100  79 115 130 130 109 115 130 157 154 118  87 136 103 139 148 164  78 163 139 127 139 145 490  79 112 148 142 118 124 127 133 127 142 109 130 151 115 139 127 133 160 154 139 148 154 127 103 
127 133 115 136 106 100  54 100 103 121 112 124 115 121 148  84  97  66  91 102  91  85 112 136 130 154 112 115 139 100 109 136 148  79 118 148 133 124 102 145  79 109 148 142 121 124 127 136 130 487 109 124 139 136 160 136 148 178 136 145 130 133 115 121 
142 142 109 145  91  63  67  79  79  96 130  90  94  99 124  97  85  79 118 115 112  84 115 109 142 157  99 109 154  84 130 157 450  69 136 151 142 151 133 154  72 115 136 139 127 130 130 121 127 151 109 124 148 136 148 121 121 151 145 136 139 148 109 115 
133 127 115  93  91  97  76 100  84 118 136 130 442 124 121 103  97 109 124 115  93 100 118 133 142 179 106  72 136 106 109 133 124  85 142 166 148 121  93 148  79 115 133 139 115 115 121 121 142 127 109 103 157 136 136 124 130 157 142 178 148 148 121 115 
136 142  97 154  73  94  91  60  79 115  97 109  79 115 121  81 100  79 121 118 118 103 118 139 139 179 151 124 154 103 142 148 145  97 124 175 130 115 435 179  79 112 148 139 118 121 127 124 130 151 112 124 145 133 160 130 108 154 121 139 139 164 115 115 
133 142 103 172  91 112  70  78  84 118 121 121  78 121 136 103 109  85  78 124  91  66 115 136 118 142 121 109 136  84 124 133 139  66 130 154 169 118 109 151  66 115 136 154 127 130 121 136 127 170 109 124 136 130 148 124 130 176 102 164 511 148  90 118 
142 142 106 136  69  66  79  60  79 115 100 106  79 109 121  78  91  85 103 142 118  96 127 133 136 173 124 130 154 109 115 160 127 103 127 163 127 100 169 148  73 109 148 148 115 124 108 133 121 121 109 124 136 142 148 124 127 188 102 151 142 148 109 115 
133 142  84 121  72  78  79  97 106  90 121 121 103 124 142 109  97  81 115 102 115  81 115 109 124 151 169 103 127  84  78 136 154  94 142 182 142  84 102 145  66  96 139 139  96 111 121 121 130 133  90 124 136 142 148 136 139 179 151 151 148 136 136  84 
139 136 106 127 109  88  70  63  97 118 118 115  72 118 145 103  91  85 115 127  90  84 112 133 148 170 112 112 163 100 127 157 133  97 115 154 121 118 160 148  73 112 145 142 115 121 130 142 124 166 109 121 133 176 148 130 142 142 142 154 151 133 112 133 
133 127  97 194  72 109  45  78 103 118 102 124  78 121 136 106 109  85  97 130  88  66 115 103 118 142 127 109 133 109 115 145 133  60 148 154 118  78 115 157  73 112 148 130 127 124 127 124 130 170 109 124 136 121 179 139 136 157 127 148 444 133  96 115 
142 142 109 127  51  72  84  79  79 112 112 109  76 118 121  78  85  79 109 115  96  84  99 124 142 160 112 124 151 130 139 148 145 100 112 160 142 109 163 163  60 109 148 142 115 121 127 121 127 139 112 124 139 148 157 130 127 175 133 136 142 160 115 139 
136 130 115 124  75  97  51 106 103 115 133 127 103 124 121 103  90  66 115 112 109 100 118 109 127 154 112 112 133 103 124 136 127  66 145 176 478 112 115 139  73 109 145 142 102 109 127 124 127 121 109 115 148 133 133 127 127 160 133 136 163 154 127  96 
136 139 115 169  79 103  54  63 100 118  97 115  85  90 127  84  91  85 115 127  91  84 115 148 142 151 124 109 154 139 142 148 151  97 139 175 145  93 139 163  79 109 148 139 127 121 130 121 121 121 109 121 139 136 148 121 121 166 108 191 142 148 112 115 
121 142 103 160  97 127  70 103 133 118 133 133 103 130 124 121  84  84  94 124 100  85 115 136  99 160 121  66 136 103  90 133 139  85 148 151 145 115 130 200  79 124 145 148 115 124 130 136 124 121 109 124 133 121 151 124 130 179 127 136 447 142 109 118 
136 142 109 139  88  88  42  76  79  96  99  93  76 118 121  97  85  79 115 127 139  84  96 139 142 151 124 109 166 103 127 148 142  78 127 154 142  84 188 148  60 112 167 142 118 102 127 121 127 151  90 124 139 145 160 127 136 157 133 142 142 145 115 115 
127 164 145 136  97 127  91 100 103 118 108 124 100 105 145  84 124  84  97 121 314  90 127 136 148 160 127  99 151 109 453 136 157 103 118 175 136 100 145 151  79 109 148 139  99 133 133 139 124 124 109 124 136 142 148 145 148 169 136 163 160 133 109 121 
139 142  97 127  54  85  97  60  79 127  93 112  57 115 102  81  69  60 109 118 133 124 136 133 139 154 121 124 151 127 127 148 172  91 127 151 121 121 179 145  85 115 133 142 115 127 121 121 127 154 109 121 133 139 148 102 124 188 127 151 136 148  90 115 
136 142  84 136  72 118  79  97  84 118 124 121  97 124 133 103  93  78  97 130 121  72 109 133 130 160 115  97 148 106 130 133 148  63 130 157 127 109 108 148  60 109 148 139  99 121 127 121 124 121 109 121 136 142 167 102 133 151 133 480 142 148 109  96 
136 142  78 148  54  81  45  79  60 127 100 112  60 115 121  97  91  85  84 115  87 115 115 136 130 154 148 130 148 109 127 167 139 106 124 148 127 103 184 154  79 109 148 130 118 124 127 121 121 121 109 124 136 136 167 121 121 151 133 142 136 148 109  96 
142 142 103 176  97 124  81  87 115 121 127 133 103 127 121 124  84  66 115 121  81  66  99 121 118 161  99 112 136 118 121 136 139  66 133 139 127 124 435 190  72 109 148 142 127 121 127 121 121 121 112 121 148 133 148 124  84 154 130 151 142 148 109 118 
160 142  94 136  70  69  54  79  79  93  90  90  79 118 121 103 106  85 103 142 127 111 114 133 136 154  96 124 154 124 127 148 157  78 136 145 142 124 197 151  54 121 145 127 127 124 127 102 124 102 109 124 136 139 151 124 127 160 139 148 136 148 109 115 
136 142 103 148  91  97  45  78 100 109 127 133 103 124 139 106  90 103 121 145 106 106 115 115 133 139 115  72 127 109 127 124 130  75 136 163 127 109 124 154  54 109 145 139 121 109 142 133 127 151 124 121 154 127 167 127 136 160 169 166 148 139 133 115 
130 142  84 136  69  81  73  85  78 121 112 115  66 109 130 100  72  66  96 127 121 103 115 148 142 157 130 109 154 103 142 136 139 100 130 154 130 100 130 172  91 109 148 142 118 124 127 121 124 124 109 124 136 127 167 102 124 154 130 435 136 148 109 118 
142 142  97 139  72  90  70 100 103 142 133 102  78 124 136 106  90 103 115 130  94  72 115 121 130 142 115 109 148 103 130 139 456  66  93 163 127  97 130 160  54 112 148 142 127 121 127 102 124 121 109 102 133 139 151 121 127 157 127 151 145 148 109 115 
142 469  81  99  54  54  70  79  60 115 109  84  82 115 133  97  75 103 127 124 145 121 139 142 127 169 124 136 136 133 139 148 166  87 164 172 130 106 139 133  54  93 148 148  99  93 130 127 121 121  90  84 139 136 154 121 130 145 178 130 154 172 121 115 
136 127 103 142  91 106  48  97  81 136 163 133 103 121 133 109  78  78  78 124 100  82 118 109 124 154 124  85 133 103 124 139 139  85 145 173 133  93  91 163  79 127 136 139 124 115 102 133 127 142 109 121 136 136 148 127 127 181 139 136 167 145 121 115 
130 142  97 148  73 100  42  60  60 112 112  90  79 118 124  97  85  79  91 130 145 105 133 130 154 154 130 124 151 127 127 160 148  72 130 148 127 124 124 148  60 118 133 142 115 130 124 133 127 173  90 124 133 130 124 124 127 157 136 487 139 148 109 115 
136 142 103 151  72 118  51  97 103 118 127 102  81 124 124 106 112  85  97 109  97  66 118 133 127 142 121  91 133 103 124 136 139  60 133 173 130 115 112 173  60 112 148 145 118 102 127 105 121 139  93 124 136 160 160 127 133 163 148 481 136 169 115 115 
139 142 109 166  91 100  42  91  60 109  97 109  75 118 121 100  85  79 115 115 112 106 118 133 139 154 130 124 154  90 142 167 151  72 136 185 145 121 151 169  66  99 133 142 118 127 121 121 130 170 112 121 133 142 151 121 121 154 127 496 148 148 109 115 
136 142  84 139  72 106  94  97  84 124 124 121  97 124 136 103  97  85  78 124  97  85 115 133 118 160 124  91 136 106 124 133 139  85 139 136 139 127 118 163  85 115 136 151  96 127 121 133 142 151 109 121 136 133 167 102 127 179 133 432 142 148 109  99 
136 173  84 151  60  72  82  85  78 118 118 121  66 109 130 103 103  66  96 127 118 103 115 148 142 151 121 124 151  84 130 160 148  78 127 182 127 112 124 166  72  90 148 142  96 105 127 121 102 121  90 124 136 130 148 105 142 176 133 444 164 142 109 115 
133 142 103 127  94  78  67  97 103 118 121 121  84 105 136  81 112  84 118 136 103 121  96 124 133 154  90  72 127 103 127 136 145  97 139 142 115 121 124 495  60 121 148 139 118 121 145 133 127 148 109 121 142  96 163 136 133 172 160 203 148 133 121 115 
133 142  97 136  54  66  76  79  60 115 103 112  60 115 124 100  66  60 130 115  94 106 115 145 161 154 124 112 173  87 130 148 154  78 112 142 127 121 417 193  75  90 148 142 127 121 130 121 108 154 109 124 136 127 157 111 148 160 139 148 142 148 115 115 
136 142 103 154  91 109  79  81 100 112 472 145 106 124 136  78 109 103  97 130 106  91 112  96 130 142 130  91 145  93 130 124 154  91 142 157 115 109  96 142  54  90 148 139 105 109 127 121 121 145 109 121 136 161 148 127 127 212 169 145 148 148 121 115 
161 142  78 154  60  93  63  85  78  99  93 115  66 112 127 103  78  66 115 127 102 106 115 148 139 160 121 109 154  84 127 179 139  97 145 142 130  81 127 157  72  90 145 148 118 124 111 136 121 121 109 124 136 136 148 121 130 163 127 453 130 148 109  99 
133 142  78 151  72 118  79  97  84 118 124 121 100 124 121 106  93 106  78 130 121  91 112 133 127 142 124 115 145 118 130 136 139  66 133 157 133 103  90 179  79 112 148 148  99 121 127 124 102 133 112 121 133 133 151 121 136 185 136 456 139 139 109  96 
121 130 100 121  57 103  45  60  79 118  66 109  97 481 148  97  69  79 118 115  72  87  93 148 163 157 112 332 160  81 145 145 163  91 133 139 154 130 154 185  66  96 148 139 115 130 121 136 127 139 109 124 136 136 148 133 157 163 133 163 145 136 124 142 
139 142 103 133  94 102  63 100 103 124 121 121 100 121 133  84 109 103 121 130 118  72 109 102 127 179 127 112 148  84 109 145 139  85 115 154 127 118 447 151  79 112 145 130 118 121 127 102 136 133 109 121 133 136 148 121 127 151 133 136 142 148 109 115 
151 142  97 151  73  87  48  79  76  93 127 115  79 118 121  91  94  85 100 118 142 115 108 136 136 169 142 127 151 103 115 145 145 100 148 181 139  87 130 157  88 121 148 167 127 124 130 102 124 133 109 124 136 136 148 124 127 163 164 460 145 148 112 115 
145 133 136 139  97 124  88  78 106  99  90 121 103 121 148 106 124  85 109 121 109  66 112 133 130 139 112 106 142  84 460 136 130  85 115 157 188 112 130 151  66  96 145 142 127 127 124 158 124 151  90 121 133 127 148 130 145 154 133 166 160 136  93 121 
136 142 103 182  54  82  51  79  79  93  90 121  72  99 130  81  91  85 121 105 115  99 130 102 142 160 160 109 173 118 154 148 139 109 142 185 130  84 118 154  54 109 145 139 124 109 130 133 121 151 109 121 136 148 148 127 142 148 157 472 160 154 121 118 
136 142 103 182  91 118  54  78 103 118 127 124  97 124 121 103  78  66  97 118  72  66  96 133 118 151 102  91 133 106 124 133 139  85 136 154 127 109 115 166  60 109 145 145  96 121 127 121 121 139 109 124 136 148 157 136 108 166 127 191 139 167  96 115 
157 145  78 151  54  66  48  79  79 109 109 109  60 118 105  78  66  60 115 127 115 103 118 145 142 151 102 109 154 103 127 148 139  97 130 136 142 112 108 154  79 109 148 142 108 121 130 121 127 154 112 124 139 167 179 130 130 160 127 462 161 167 115  96 
142 121 173 109  91  88  91  97 103  96 133 127 103 121 121  84 109  97 115 115 106 100 118 133 130 176 115  99 136 109 124 139 148  85 127 154 139 124 112 170  72 115 133 139 127 115 121 161 130 121 109 106 161 136 133 121 127 157 173 166 157 145 124 115 
136 142  97 148  54  94  54  79  76  93  93 109  60 115 124  97 100  79 145 115 296 103  99 148 139 160 115 112 154 103 124 148 139  97 139 166 127 127 490 163  60 121 164 142 115 121 130 105 124 151 112 127 148 130 160 127 136 148 127 136 142 145 115 118 
127 142 103 151 100 121  82 103 115 118 130 142 103 139 121 112 103 118  97 121 106  85 118 133  99 139 133  72 133 103  90 145 158  79 136 142 142 103 130 176  79 109 145 142 115 121 130 133 124 121 112 121 136 167 151 121 130 164 136 172 136 145 109 115 
133 142  97 154  73  72  51  79  60 112  97  90  79 118 124  97  91  85 115 136 118 115 130 133 142 154 139 111 136  90 142 157 130  84 133 139 127 103 133 145  60  93 167 142 127 102 127 130 124 102  93 121 133 133 151 121 121 157 130 444 145 145 109 118 
133 139 103 133  91  97  67  78  84 115 121 121 103 124 142 103  97  85 130 121  84  97 121 112 124 154 109  84 130 103 109 145 154  85 142 136 133 112 124 139  85 118 133 142 115 130 121 133 127 133 109 124 133 127 151 136 136 160 191 154 145 145 121 115 
133 161  78 145  54  88  57  79  94  93  90  90  60 115 121  97  69  60 115 127  91 103 115 136 157 157 145 127 173  87 121 148 139  78 127 154 130  87 127 151  60 109 148 130 127 105 130 136 127 154  90 127 170 148 160 130 130 157 130 441 145 148 115  96 
111 142 115 157 109  87  63  90 103 136 124 133 112 124 121 103 112 103  97  90  99  72  90 136 127 142 124  78 148  84  90 133 139  82 148 154 118  81 130 154  60  90 148 148 118 105 130 121 124 121  90 124 136 130 148 121 102 157 133 502 130 139  90 115 
139 142  97 157  54  81  75  60  79  96  93 109  60 118 105  78  66  60 130  96  90 106 115 148 142 154 105 112 173 103 109 148 145  91 136 154 127  90 478 175  97 118 133 157 124 130 124 121 130 154 109 124 133 133 167 102 130 139 133 139 136 167  90 118 
130 142  84 172  72 142  51  78  87 118 124 127  78 124 133 103 109 103  78 127  85  88 109 136 127 139  99  97 148 103 115 145 139  66 148 154 118 112 115 145  73 121 148 148 118 124 127 133 102 121 109 124 139 121 148 136 130 166 124 191 130 139 109  96 
127 142 103 142  60  91  97  85  78 124 112 115  63 112 130 103  72  63  84 130  88 103  96 148 170 154 133 109 151  84 127 148 127  81 127 166 118 112 148 166  72 109 148 142 118 105 127 121 102 121  90 124 158 154 148 121 121 179 127 136 142 160 109 115 
148 142 103 148  91  93  57  81 103 112 127 121 100 124 136 109 109 103 112 130 124  72 109  97 130 142 130 109 145  84 130 133 474  85 127 172 115 106 127 145  60  90 148 142 118 121 127 121 121 102 109 121 139 136 148 121 127 139 130 148 142 145  90 115 
133 142  72 139  73  72  42  60  60 109 109 109  60  99 124  81  66  79 115 130 106 106 118 148 154 154 124 109 154 103 142 148 136  91 139 169 145 103 139 160  85 118 133 142 115 130 121 133 130 151 109 124 133 158 170 112 127 163 133 453 145 148  90 115 
136 166 115 115  60 106  85 100 103 121 127 127 106 121 133 103  93 109 115 121 130  84  96 136 115 139 121 103 133  90 121 133 127  85 139 188 130 157 142 145  54 112 145 154 130  90 127 139 124 115  93  84 154 142 114 121 130 157 145 173 163 145 121  96 
148 127  78 169  54  66  48  79  60 109 109 112  60 115 121  97  87  63 115 139 118 115 136 133 105 139 142 109 133 115 142 145 145  97 142 151 142 108 130 157  73 109 145 148  96 121 130 136 111 121 112 121 136 127 148 121 142 145 136 197 145 145 109  96 
148 142 115 166  72 118  42  78 100 109 108 136 103 121 136 103 109 103  94 127  81  72  90 136 136 154 133  72 145 127 127 121 139  85 139 188 130 124  87 175  54 102 145 142 133  93 127 136 142 151  90 105 136 142 148 127 127 163 178 136 453 148 121 115 
133 127  97 136  54  66  48  79  60 109 121 109  60 118 124 106  85  60  96 127 121 103 115 148 142 151 114 109 151 103 121 151 169  91 139 176 127 112 127 157  66 115 133 142 127 130 121 133 108 151 109 124 136 133 151 102 130 157 133 480 142 148 109 118 
142 161  84 163  75  90  69  97 103 111 124 121  81 133 133  87 100  85  97 121  69  85 118 133 109 139 118  91 133 106 121 136 139  85 133 133 130 121 127 145  85 115 133 139 115 127 121 124 130 151 112 121 136 148 151 121 121 172 130 133 471 148 109 115 
130 142 103 154  79 106  94  85  97 115 112 115  85  90 127 103  94  85 115 115 112  84 115 139 130 157 127  90 154 106 127 157 139  97 142 185 139  97 127 197  54 109 167 139 115 121 130 124 121 102 109 121 139 133 148 121 130 157 136 444 145 148 109 118 
142 145 103 148  94 130  63  78 103 118 124 124  78 124 133 103 112  85  94 121  88  66  96 136 133 139 124 121 136 103 109 145 145  63 130 148 127 115 106 181  85 124 133 142 118 139 121 136 130 163 109 124 139 148 148 121 142 166 142 136 450 148  93 115 
133 142  97 136  54  85  51  79  60  93  93 109  79 115 121 100  72  81  78 127 133 115 130 133 114 154 124 124 151 127 115 148 148 115 127 163 127  96 124 166  79 109 148 148 115 124 127 121 102 121 109 124 133 127 151 124 130 154 130 487 145 148 109 115 
136 142 103 145  91 118 121 100 102  99 130 124  97 121 136 103 109  84  90 130 127  91 109 136 111 142 118 109 148 103 108 133 139  66 142 163 170 112 112 148  73 121 148 142 115 124 130 121 124 121 109 124 136 130 148 124 127 164 127 520 133 148 109 118 
148 142  97 139  54  85  88  79  79 109 109  90  60 115 124  97  72  60  97 130 121 102 136 148 142 160 127 124 173 103 121 151 145  78 130 188 130 115 130 151  60 109 148 173 118 121 130 102 127 154 112 124 136 130 160 108 133 173 133 489 142 148 118 118 
142 127 115 118  75 106  88  81 103 124 105 130  84 121 148 103 112 100 121 115 106 100 115 133 142 160 115  94 450 103 124 136 139  85 127 154 127 115  99 142  79 118 136 139 118 115 121 133 127 121 112 103 154 142 136 121 130 169 139 151 154 173 121 115 
136 127 106 136  73  88  45  60  60 115 124 109  79 118 121  78  88  79  96 118 109 103 115 133 139 154 118  90 169 127 127 157 133  97 124 178 145 112 465 154  79 109 148 133 127 121 127 121 127 154 109 124 151 102 163 127 133 157 136 136 142 167 115 118 
133 127 115 160  94 103  73  78 100 112 130 136 103 121 136 103 109 103  94 127 100  91  90 136 136 154 142  72 145  90 115 121 139  85 130 148 157 115 118 148  54  90 145 142 105  93 127 136 127 151  90 124 136 142 148 127 127 169 145 133 484 145 121 115 
142 127  78 139  54  91  54  79  60 115 115  90  60  96 124  97  85  79 133 115  88 103 115 148 142 154 118 109 151  84 102 157 145  72 112 148 142 148 417 151  66 115 136 142 115 130 121 124 127 151  90 124 136 133 148 121 130 160 136 158 142 148 109 118 
