127 263 179 378 142 172 405 166 393 342 323 362 163 121 154 142 215 127 529 366 641 535 118 172 363 139 308 347 369 314 202 329 193 142 369 178 581 166 211 469 145 145 366 212 157 339 359 502 354 378 127 320 281 158 151 357 351 190 151 771 145 532 308 396 
 82  42 263  61  61  91  48  67  67  70  67  57  61  82  64 327  42  61  73  36  42  42  48  72  48 223  66  70  48  67  64  48  76  70  42  45  48  42 245 106  64 260  42  45  42  61  42  67  70  97 275 239  64  70 239 242 242  45 251  42  36  64  36  36 
 48  39  67  42  42  36  45  67  39  76  82  42  54 266 229  58  51  48  67 260  48  54 229  48  91  75 290 338  67  73  76  76  48 241  76  45  42  70  61  45  70  51  42  70  51  42  45 251 236  70  67 251  64 239  51  73  57  61  64  51  42  58  42  42 
272  64  45  61  42 239  67 266  48 269  60  42 266  76  51  70  51  64  48  39 254  64  45  45 251  67  88 235  67  42  45  48  48  61  73 251  42  42  64  73  42  76  73  51  48  42  45  70  54  82  67  61  51  45  51  61  42  42  42  76  45  39  39 223 
 42 217  42  45 248 251  48  67  76 254  70  48  45  45  48 242  57  70  48  36 263  64  42  42  73 263  48  45  64 278  64  42  61  70  73  42  45  61  42  42 244  51  39 248  42 236  64  73  64  51  70  45  45  61  61  42 239  64 254  57  51  36  39  55 
 85  36  58  39  70  55  64  42  39  45  58 245  58 239  36 260  58 254  64  64 245  82  42  42  51 257  57  42 257 245  61  61 248  42 239  42  42  45  61 112 251  70  51  51  48 248  42  45  54  57  88  67  70  48  51  82 272  48 254  67  42  61  42  51 
 48  54  67  42  39  58  61  73  45  45  39  39 229  36  39  36  39  36  55  51  48  54 260  42  57  48 257  42  42 245  42  61  61  45  42  42  61  45  42  42  45  48 214 236  58  70 239  61  48 260  97  73  48  70  67  51  57  51  67  67  64 239  70  67 
220  54  67  39  39  39  64  61  36  42  58  64  51  39  48  51  67  48 233  55  67 242  63  60  76  51  73  61 248  39  42  79 214  45 260  45  42  61  45  60  42  51  42  61 251  64  61  61  67  82  73  88 245  76  48  67  51 254  51  67  61  64  42  70 
 64 251  36  39  39  70 263  61  39  45 257  55  58  58 248  39  36  55  36 226  61  61 251  64  72 103  67  48  42  42  48  45  48  48  48  76 269  51 260 272  51 290 266  48  57  76  54 260  67  69  54  60  42  42  45  73  42  60  45  42  36  45 254  55 
263  58 214  36  58  58 257 236  58  42  36  39  39  70  58  39  36  39 233  36  61  79  42 220  48  88  70  67  42  42  48  39  70  48 250 254  48  67  70  72  48  88  51  79  54  67  63  48  48  73 242  48  70  64  51  45  61 251  76  48  58  45  39  36 
 61 239  61  42  45  51 245  67  61  42 257 217  42  45  61 242  42 239  36  39  61  61  42  42  73 266  79  91  67  76  73  45  42  42  45  57 236  42 217 260  42 269  42  42  48 251  76  61  45  67  61  48  61  64  42  51 239  51  60  42  55  51  36  36 
 85  61  36  39 236  58  61 254  54 223  39  58  54  55  36  39 257  39  76  39  42  61 254  51 275  79  51 345  57  51  48  76  42  51  42  67  48  42  42  54  70 245  45  45  42  61 238  42  82 257  48 272  70 269  54  67  48  51  51 242  61  54  45  45 
 54  48  39  39  36  39  42  42  58 245  64  39  58 239  39 245  51  70  67  48  67  57  48  48  94 284 254 324  54  57  54  54  97  97  67  61  54  61  57  61 217  79  45 266 239 245  42  70 260  79  61  48  73  61  61  61 248  42 251  51  48  36  55  39 
 51  36  58 229 266  55  64  45 214  39  36  55  45  39  64  39 260  48  45  36  51  42  48 278  75  48 260 290  67  42  61 251  88  48  67  70  70  45  61  79  45  67 242  61  42  54 251  42  70 257  76  88  67  67  51  48  67  48  48  48  61  61  42  45 
 54  42  36  36  39  67 239  42  39  42 230  64  58  73  39 233  55  36  64  58  61  54  42  61  48 257  51  67  45  42 254  42  67  70  48  73 329  48 242  60  67  54  57  67  48 238  67  51  79  82  48  67 236  42  42 217 236  51 235  45  58  39  36  58 
 66  61  42  42  45 239  57  48  42  48  61  61 236  51  64  42  67  42  42  39 275  42 233  61  51  57  42 254  51  42  48  42  61  42  45  54  51  63  48  48  57  54  64  64  45  45  54  45  64  76  45 275  51 236  73  61  61  61  64 217  39  67 223  39 
 60  39  58  36  48  45  70 272 230  61  39  39  36  39  39  36  36  39  64  39  42  42 239  61 223  76  57  45 239  36  45  64 242  51  51  54  70  48  57 260  63 306 232  70  76  67  70  70  51  76  48 232  48  61  70  51  64  73  61  64  39  39  70  67 
 42  42 220  61  42  51  70 245  48 235  42  64  61  73  61  42  45  42  76  36 263  64  61 236  48  48  67  42  76  64  48 239  61  45  57 239  42  45  42  85  42  51  57  48  42  42  55  70  70  79  45  61  51  42  61 220  61  42  42  42  55  55  36  39 
 97  64  45  70  64 257  54  70  70  70 236  42  70  67  70 242  48  64  73  39  82  45  42  61  51 226  42  42  60  45  36  55  61  51  51  42 242  45 236  42 263  70  64  45  48 245  42  73 257  51  45  64  70  42  64  64  45  79 239  45  39  55  39  42 
 39 217  58  39  39 233  73  61  45  45  42  58  36  39 233  36  45  61  76 217 263  48  51  67  54  57  67  70  79  76  73  48  51  57  45  42 239  79 241  42 236  73  45 248  54  61  67 239  73  70  42  61  60  42  45  48  42  42  61  48  58  58  42  39 
498  73  51 311  64  64  48  67  45  48  61 257  73 257  64 348  45 317 220  48  61 239  57  67  57  70  51  42 260  42  64  42 251  64 220  64  61 220  42  51  42  67  64  76 226  51  42  48  51  88  57  64  85  42  60  45  79  45  42  61 302  36  36  48 
 75  70  73  61  48  61  51  54  42 263  45  64 257  51  61  42  42 251  42  39 236  42  42  61  70  76  61 251  48  45  76  48  67  64  42  45  42  45  61  42  51  51  61  64  76 226 263  48 254  78  54  76  91  51  70  73 254  42 266  42  58  45  48  51 
 64  36  58  45  64  67  64  45 245  45  39  39  39  39  36  55  58  39  61  67  45  42  51 332 248  70 269  42  70  48  61 248  51  67  70  51  67  54  54  67  51  85 220  67  57  76  48  48  48  54  76  45  72  48 242  60  73  82  61  67  64  36  39 248 
 82  51  67  61  45  55  61  42 251  42  58  39 263  42  51  51  42  54  61  70  67  51  70  60  94  69 239 239  48  94  48 281  67  48  48  42  42  45  42  45  61  57 217  42  42  61  45  64  42  70  45  42  48 112  70  67  45  42  64 217  39 230 327  54 
 48  45 236  36  39  39 236  45  51  42 329  64  39  51  39 257  39  64  76  39  42  42  61  42  70 269  61  45  61  76  48  64  45  54  64  42  64  61  76  42 263  76  42 248  45 260  64  57 357  72  67  48  79  69  48 260 278 305 260  76  60  61  45  61 
 73  39 242  36  39  55  42  42  45  42 254  58  55  42  70 236  64  36  76  58  61  42  45  64  54 263  45  36  39 236 348  36  76  60  57  67  51  67  73  51 257  73  67 257  48 226  67 263 354  57  48  61  42  48  42 238 242  48 260  51  45  39  39  55 
232 269  54  54  67  79  67  48  42  51  42  67  42  42  45  45  45  42  70  39  54  54  45  64  67  67  45  42  61  48 254  64  42  42  64  42 236  61 239  45  42  67  57  51  39  39  58 248  73  48  42  61  67  51  54  48  42  70 306  67  42  42  58  64 
 75  36 263  55  70  36 217  76  36  61  36 245  55 242  36  36  36  45 236  55  42 239  64  45  48  57  61  42 236  51  58  39  70  48 226  54  48  48  70  79  60  88  48  70  51 275  48  48  67  73  73  70  61  67  42  73  73 236  42  42  42  61  70  45 
 85  39 248  67  36  36  51  61  58  55  39 226  39  55  39 248  36 260  45  36  79  64  42  61  48 272  42  42 239  48  51  42  64  42 220  51  61  45  61  64 257  67  45  48  48 220  57  39  51  88  48  67  51  88  73 263 254 254  82  67  42  54  42  67 
 57  70  45  67  58 245  42  73  39  58  55  36  48  58  42  70  64  45  64 251  88  48  85  82  88  75  51  48  60  94 245  61  67 232  45  45 235  42 245  45  64 254  42  42  42  42  42 214 251  48  42 242  61 281 241  64  57  79 239  64  39  58  67  36 
 82  36  42 269  70  58  51 257  73  64  39  42 233  36  58  42  39  36 275  39  88  76  48  61 244  48 251 245  61 275  67  61  48  48  48 260  48  57  67  48  70  94  73  51  54  54  54  48  69 263  45  42  42  48  61  73  64  42  70 248  36  48  39  61 
 67  67  45  42  42 254  54  91  64 248  42  42  67  73  67  61  67  67  45  39 232  61 239  42  48  76  42  45  54  45  76  42  42 242  45  51  54  61  61  54  42  76  42  51  54  61  54  45 220  48  42 251  76 236 278 248  42  61  51  64  36  42  58  55 
 82  61 260  67  54  54  57  79  42  70  45 233  42 220  39 248  42 254  45  61  51  48  48  67  73  60 254  70 238  48  54  48 269  67 263  64  45 242  64  45  73  67  61  42  48 223  61  64  45  51  54  48 242  42  48  48 251  73  45  45 223  39  48  67 
 54  76  61  42 266  42  48  51  45 260  70  48  51  42  48  76  54  61  64 257 220  42  51  64  48  67  61  48  54 251  48  61  61 217  70  42  54  61  42  42 220  51  42 236  64  42  51  73  45  70  61  42  45 260  67  45  45  61  64 232  39  58 230  39 
 76  64  42  36  64  67 236  67  58  42 239  45  42  70  58  42  36  55  42  58  64  61  61  42  48  63  70  58  42  48  67  64  51  51  51  51 254  48 269  57  67  63  48  48  51  51  48  54 244  73  45  42  57  45  67  76 260  54 257  42  58  61  67  48 
 45  45  58  58 245  48  61 248 236 241  39  39  51  42  61  45 314  42  61  42 275  51  57 275 266  91  85  70  70  48  88 245  70  51  42  54  73  42  45  73  42 226 220  61  36  48 260  61  42 239  51  61  42  64  48  42  42  45  64  45  55  39  67  36 
 57 233  58  58  39  39  54  42  70  70  36  39  36  42 230 263  42  64  48  42  81  42  45  45  51  48 257  45  55  45  48  36  48  73  67  48  51  60  67  70 254  78  48 315  76 266  79 245 251  73  61  42  48  42  51  51  61  42  61  67  39  58  58  39 
 76 239  42 251 251  42  70  51  70  60  76  42  61  73  64  42  64  51  82  45  70  45 263  42  51  48 242  45  42  42  51  67  64  42  42  42  45 317  45  64  45  60 242  73  45  61 260  39  48  79  42 220  67 239 269  45  61  42  64  54  64  39  64  55 
 54  39  55  58  39  39 254  45  36  42 263 290  39  42  58  42  42  70  48  76  73  84  88  48 100 266  48  57  67 239 244  76  63  67  61  64  51  42 254  61 229  48  42 239  61 245  42 251  61  67  61  42  42  73  67 236  54 263 251  45  58  39  55  39 
 66  36  36  70  67  39  79 260  64  39  58  42 230  58  58 235 245  39 254  39  94 254  67  57 251  48  42  61  61  42  45  72  64  73  42 242  42  51  61 248  42  67  42  42  67  61  45  42  48 248 254 251  76  72  54 100  70  73  48  48  45  61  42 263 
 51 411  48  36  67  58  42  42 239  58  36  36  36  42  58  48  39  67  36  48  54  42  64  51 100  91  45  45  61  42 263 272  64  61  45  61  48  64  70  70  61 245 257  42  45  42  45 242  75  79  48  48  67  91  51 100  78  67  73 266  61 266  70  54 
 54  73  73  51  48  54  51  57  42 254  61  45  64  42 248  42  42  61  55  45  67  51 257  42  48  82  51  45  42  61 220  70  61 229  42  42  42  42  42  45  54  48  45  67  64  42  45 260 239  67  61  48  45 257  45  51  60  63 339 248  42  39  64  54 
 48  45  42  42  42  42 260  48  45  48 232  45  45  42 241  42  45  51  58  64  64  42 272  42  60  67  67  57  73 257 236  70  54 266  64  42  54  61  48  51  42  48  55 233  42  54  61 242 260  48  73  70  42 260  61 223  70 217  45  64  39  39  36  55 
 88  42  61  61 214  42  48 254  54 254  57  70  42  79  42  42 248  42  45  58 236 239  42  67 257  67  67  64  48  45  76 100  45  51  64 236  61  42  45  61  42  54  61  76  61  61 263  45  42  57  45  42  48  61  70  48  48  42  51  73  64  39  36  39 
 82  58  36  36  51  42  42  42 211 242  36  58 245  58  58  39  58  36  39 245 220  42  64 251  48  63  57 263  42  64  42 242  78  75  48  66  48  67  48  85  57 269 317  48  70  45  57  48  67  63  45  54  42  42  70  73  61  61  61  45  55  45 260  58 
 76  36  39  55  70  36  42  42 251 230  58  39 214  61  58  39  58  36  55 233 236  45  42  45  51  57  76 263  36  39  42 254  94  57  57  94  67  48  70  91  48  60 260  70  79  67  54  51  48  60  51  42  73  61  51  76  61  42  64  42  39  45 229  39 
 39  55 245  58  36  39 257  64 239  45  70  67  36  48  55  39  42  45  42  42  48  70  70  73  54  54  51  67 226  48  70  76 263  57  70  67  48  48  61 251  61 257  45  61  64  42  39  70  61  88  42  42  42  42 239  70  64 242  42  45  42  36  36  39 
 54 211  39  39  39 245  45  61  39  70  39  39  58  73 257  39  55  39  39  58 248  76 263  45  48  48  61  42  45  64  67  58  91  48  82  48  57  79 260  51  69 100  57  60  48  67  70  54  48  57  48 217  67 236 248  42  82  64  70  42  39 242  42  58 
 61  61  42  64  42  42  79  70  45  54  42  42 236  51  42  45  61  61  58 217  91  42 260  45  48  51 251 236  42  51  51  61  67 242  42  54  61  67  48  82  48  81  42  73  45  61  76  39  42  73  42 232  48 254  48  61  70  42  64 236  55  45 239 248 
 60  64  36  61 233  51  45  48  76 245  36  42  48  64  58  64 233  36  67  45  45  64 248  42  70  67 326 239  51  64  64  61  91  70  51  48  79  67  67  73  48  78  57  78  48  48 242  51  63 263  61 254  48  64 251  61  75  79  51 263  39  36  45  39 
 63  42  61 214  48  61  70  67  39  48  42  55  73  67  67  70  51  42  36 230  45  42  51  54  48  67 239  73 269  61  61  45  79  48  57  48  63 251  51  42  70 257 254  48  54  69  70  63  67  57  70  45  42  73 263  42  67  42  42  54 272 251  36  39 
 73  67  70  39  36  58  61  48  55  42  36 223  48 260  55 251  39  39 233  45  42  64  45  45  79  54  45  45  54  42  42  42 269  48 239  45  51 242  48  57  70  67  45  45 248 281  48  70  51  76  63  51  51  67  48  67  75  48  73  67 260  45  61  42 
 66  58  39  45  70  70  61  51 248  42  39  39 233  64  39  39 226  58  36  48  42  42  42 217 263  67  48 330  42  45  64 311  48  88  48  48  48  51  48  76  76 260 254  73  60  67  54  73  54 281 281  73  61  67  45  67  63  70  61 236  58 214  64  58 
 36 245  39  55  39  39  51  42  70  54  58  39  55  36  58  55  45  39  79  58 239  45 251  42  51 254  45  42  42  64  45  45  67 103  57  67 232  51 242  70  67 269  70  48  70  42  54  79 251 327  67 263  48 266 263  45  73  42 245  42  39  39  36  39 
320 139 339 366 139 287 133 275  82 130 363 115 142 257 127 136 235  82  73 354 315 109 124 278 115 329  81  76 115 118  84  87 275  94 127 142 118  82 112 118 100 345 103 239  60  79  54 263 106 133 133 342 130 326 127  81 127 139 342 333 115 320 142 130 
 39 257  64  55  45  63  42  48  70  58 230  36  61  36 248  64  45  61  64 347  51  67  82  51  73  54  60  48  48  67 251  54  67  88  51  42 235  42 257  76  61 257  45  42  64  73  39 260  42  67  51  54  61  51 266  73  48  51  67  61  36  58  67  51 
 72  48  51  61  61  54  70  76  51  51  45 260 232  48  42 251 251  42 260  54  64  42  61  42 275  51  73 254  45  61  42  61  64  51  61 263  61  45  45  70  61  51  61  70  61  64 236  42  42 254  61  42  70  42  48  48  76  48  67 239  55  36  39  64 
 69  55  36  67  55  63  42 239  60  42  55  42 239  70  54 220  48  30  54  42  61  42  61  42  67  70 329  61  42  76  48  67  70  84  54 239  48 263  48  76 254  97  48 248  51 242  57  70  82 103  48  48  70  48  70  42 272  94  57  42  42  61  45 214 
 42  39  36  58  39  42  42  51 248 242  55  36  51  61  36  51 214  58  36  70  64  64  42  73 263  67  70 254  51  42  42  45  61  61  48  42  73  42  42  85  42 245 239  61  64  42  42  61  48 266  70  70  67  54  48  76  66  91  57 229  54 245  67  57 
 94  39  36  36  67  64  61 272 230 236  39  36 230  42  58  42 236  36  58  45 239  42  45  61 235  73  51 247  61  45  61  64  48  48  85  57  48  67  67  57  48  79 226  57  57  70  76  48  48 247  54  42  73  61  45  54  70  73  64 254  64  45  67  58 
 54 235  51  39  67  67  45  64 245  45  39  36  36  39  51  54  39  70  39  51  67  42  67  67  73  48  70  48  61  42 239 269  48  67  69  48 245  67 245  57  67 257 266  42  51  51  70 275  51  57  70 242  61  54 223  51  45  51  70  61  39 236 230  57 
 60  61 266  39  39  36 245  45  48  42  58  39  36  45  67  45  70  39  67  64  61  42 251  45  51 245  58  61 220  39 245  61  48  48  57  61  42  42  54  45  42 254  61  42  45  61  64 260 269  91  48 257  67 263 257 263  70 229 223  79  70  42  45  45 
 45  73  76  73  45  67  42  48 242 260  36  67 257  58  36  42  39  58  39  67  54  64  64  64 266  67  64 248  42  45  42  70  67  82  75  48  48  67  67  51  70 266 245  70  45  45  67  67  48 242  70  64  64  45 236  61  54  76  51 263  39  36  39  45 
 54  45  36  48  39 260  67  48 245 233  39  39  64  42 260  64  55  64  39  51  48  42  48  76  54  48  61  67  76  76 230  45  51  70  88  48  79  67  51  48 254  91 263  48  48  48  67 251  51  54  61  42  61  57  42 263  64  79  67  45  55 254 251  58 
 70  51  64  42 242 236  73 360 220 329  61  64  51  64  42  61  42  61  39  42 239  45  45 242 245  63  64 260  54  42  45 332  61  45  67  51  76  42  42  45  70 245  45  42  42  45  42  39  64  51 272  54  61  42  42  61  42  42  73 223  39  36  73  39 
251  39  58  45  39  45  45  61  45 260  76  42 227  42  48  45  60  79  48  45 226  70  67 269  94  88  51 326  67  60  48 260  70  67  51  45  42  64  45  45  45  57 245  45  64  42 239  61  70 245 257  45 272  45  64  45  42  64  70  54  48  39  55  39 
260 233  36  36  39 236  57  61  54  64  61  51  61  45 230 248  42  61  70 257 241  51  67 257  60  73  48  48  48  57  73  48  67 257  42  48 226  54 242  48  67  60  54  51  51  48  51 330  70  51 217  42 260  61  45  51  42  61  82  64  39  58  39  58 
238  54  64  58  36  61 232  64  58  58  42  51  63  51  73  70  76  54  45  45  45  70  48  67  66  73  42  61  45  48  48  63  76  48 257 281  48  48  60 312  45  48  48  61  51  45  67  67  54  69  45  64 236  51  42  61  61 263  70  57  48  39  36  45 
 66  55  39  39  58  61  54  61  45  45  39  36  39  42  48  61 229  76  54  45 248  61 217  42  76  48  70  73  70  73  42  45  51  67  42  48  45  73  64  42  42 257 245  42  42  42  61  61  73 251  67 257  67  48 223  48  48  48  91  76  64 239 236  45 
 57  58  36  39  39  70  61  51  58  36  55  42  39 233  58  70  39  48 248  54  42 242  42  70  79  48  54  45  70  51  42  54 269  70 235 226  73  45  42  72  42  76  36  58 248  42  42  42  48  73  76  70  51  51  51  70  69  76  79  48 236  42  61 217 
281  55  36  58  39  64  51  61 217  48  39  58 323  76  39  42  39  36  36 239 290  63  67  73  70  51  64 248  42  36  70 254  48  48  67  69  67  73  48  67  67  60  76  79  54  48  82  51  70  63  48  42  73  42  64  64  45  45  69 236  55 229 233 214 
 61  45  45  42 236  42  48  48  76 236  45  42  45  42  70  42 257  48  45  48 220  63 245  48  54  51  64  51  61  70  61  64  64  42  61  70  42  61  76  45  42  73 223  45  36  55 248  42  48 244  42 217  45  64 245  42  67  61  70 266  39 242 217  64 
 88  39  55  39  36  61  61  42  36 217  42  39  39  45 211  61  36  39  39 239 236  70 232  42  94  94  64  48  55  42  58  42  57 263  61  67  45  42  73  42  51 257  70  42  42  42  42  42  54  91  67 290  48 260  70  67  48  48  76 266  61 287 236  42 
 48  55 214  36  55  42  45  64  58  36  58 235  39  54  55 248  39  39  42  42  61 254  42  42  51  69  67  64  45 260 272  42  54  51  51  51  91  51  63 269 260  91  60 260  48 254  42  70  54  88  67  42  61  61  42 242  70 232  42  85  70  55  36  39 
 69 251  36  39  39  45  57  42  58  70  39 248  58  64 233  45  55  36  39  76 235  82  45  45  67  70  51  51  48  54  45  42  70  48  48  67 223  60 248  51  67  91  60  82  57  70  51 223  54  54  64  42  67  61  45  73  61  64 305  67  36  36  39  36 
 60  58  39  55  64  42  42  42  55 266  39  36  45  55 245  54  61  57  42  51 239  54  79  76  66  57  70 345  63  48  57  72  48  70  42  64  82  42  42  64  42  67  61 245  42  76  42  39  45  48  60 251 236  51  61  64  70  42  45 257  39  42  42  36 
 67  45  54  64  73  45  51  67  64 254  61  64  42  76  61  42  42 248  45  42 236  73  42  61  48 251  45  42  61 242 432  51  67  51  48  42  48  45  42  64  61  70  61  45  45 242  61  67  57  88  67  88  70  51  51  51 251  45 269 232  36  61  42  64 
 60  45  45  42  61  64  51 260 236  76  42  42 239  76  45  64  51  61  45  64 260  48  42 239 254  67  64 217  61  61  61 245  51  67  76 269  48  70  64  42  42  67  45  61 229  42  42  67  64  63  70  64  42  45  42  48  45  48  48 266  61  70  36 236 
 76 248  39  58  39 287  45  45  58  64  67  58  36  39  39 239  42  42  42  45  57  82  51  70  73 248  48  67  67  54  82  51  67  70  61  51 281  45  57  42 269  48  64  48  51 214  73 239  70  51  61  42  61  64  54  63  45  45 251  60  70  39  58  36 
 69  39  55  55 223  45  42  42  39 242  61  58  39  42  36  45  42  39  36  64 236  69 254  64  70  67  45  64  61  42  64  45  42 254  64  42  88  48  48  64  91 254  70  42  54  61  67  45  76 294  48 278  67 269  54  54  48  48  54  70  94  54 236  42 
 79  55  36  39  39  45  42 269  45 248  64  36 263  54  39  64  36  39  45  42  51 281  42 239 245  48  67 251  42  42  66 223  64  61  45 217  42  67  70  70  79  81  70  42  42  39  76  64  73  85 269  51 257  51  70  70  67  70  70  51  57  45  61 232 
 79  61  45 239  51  45  51 251  61  42  61 232  42  70  61 257  42  42 248  42  64 257  45  45 226  57  70  61 229  48  42  48 236  42  45  51  42 223  42  48  42  51  48  54  67 239  42  42  42  67  61  42  51  61  42  54  61  42  42  42 236  55  64  54 
226  36  39  36  36  42 260  64  39  42 214  42  58  55  42  73  55  51 208  70  61 236  42  70  66  70  61  70  45  42 239  51  85  70  48  67  57  88 269  57  48  91  67  70  69  48  42 217  48  54 242  61 239  48  45 217  82 242  42  64  45  36  36  58 
 79 248  61  42 238 251  48  51  54 257  73  64  61  48 239  42  42  61  76 257 248  73 254  61  48  67  42  45  42  42  39  51  64  45  61  42 239  48  45  42  61  76 263  48  76  42  76 242  76  67  42 248  73 220 317  54  45  61  42  64  76 226 245  42 
 61 226  36  55  39 220  54  42  39  67  39  55  36  45  39  42  36  39  36  42 335  76  45  61  73 245  42  45  61  54  70  42  45 260  64  42 236  79  64  61  42  54  73  73  45  42  39  48  94  69  75 238  60 235 260  51  48  48 254  70  48  42  61  61 
278  39  55  36 217  61  61 251  51 217  36  54  39  42  39  42  64  39 336  61 236 260  57 306 254  48  64  54  45  45  42  79  51  57  51 263  64  48  76  42  64  48  42  61  64  51 257  54  48 321 115  78 269  67  73  51  73  48  67 257  67  61  42  42 
 57  36  39  36  36  42  42  42  39 311  45 254  58 236  54  51  51  51 217  42 217 242  70  51  73  76  45  57  51  70  51  79  57  70 248  61  63  67  54  45  61  48  61  45 245  67  45  61  48  94  61  42  48 106  70  67  51  67  67  76  82  42  61  42 
248  42 266  73  42  45  70  70  45  45 263  79  42  61  70  67  48  64  58  45 103  42  45  64  48 235  70  72  70  42 251  51  60  48  45  42  48  51  51  64  45  48  42  61  45  64  64 247 236  48 242  61 236  57  48 254  51  76 248  45  58  61  39  55 
 73  45  36  58  39  45  61  42  39 211  39  55  67  42  61  45  45  73  42  73 320  67 272  70  97 245  76  91  73 254 232  48  48 263  64  45  51  42  51  73  42  67  61  61  61  76  42 251 254  67  67  51  42 229  64 239  57  45 257  42  58  45  58  36 
 42 248  39  39  39  70 236  42  36  42 230  39  39  36  39 257  36  39  36  45  61  61  42  42  70 260  67  42  64 266  70  64  48  67  67  60 245  48 297  60 269  66  48 254  54 251  76  70 269  73  64  45  61  42  61  51 217  54  54  45  58  48  36  39 
 60  70  42  42  64  54 245  73  42  70 239  42  76  67 248  48  61  42  58 266  42  42  73  51  48  54  57  42  42 211 239  61  61 232  42  42 260  64 239  70 308  48  42 248  45  64  42 217  67  48  42  42  61  45  42  64  51  64 236  67  42  67  61  36 
275  39  39  55  36 250  61  42  58 294  42  67 230  36  48  42 245  51  36  64 257  61  64  64  76  67  45 229  64  45  61  76  48  82  67  48  51  48  88  70  70  94 257  67  76  48  42  67  67 239  54  45 251  48  61  42  42  42  42  70  54 229 248  55 
 88 239  61  61 220  42  48 239  73 248  76  51  42  63  45  45 263  45  39  42 239 229 257  64 272  51  45  70  42  51  67  64  45  51  61 254  61  42  51  64  45 269  42  42  61  64 269  42  61  57  45 226  42  64 236  42  61  42  48  70  70  61  39  42 
 57  54  61  39  39  67  61  61 248  61 233  36  51  36 239  42  39  58  58 235  45  61  42  45  48  73  64  42  48  42 217  64  61  42  42  79 263  42 242  57  51 226  42  64  61  61  42  55  48  88  51 232  51  70  54  48  54  48  51  48  42  57 254  42 
275  42 257 269  51  45  48  48 223  57  57  57  42  73  70  42  79  54  42  45  61  42  61 236  57  70 239  42 251  61  51  70 248  57 236  70  61  73  48  42  67  54 239  48  51  48  57  42  67  51 229  42 214  42  61 263  64  64  42  42  64 242 214  58 
248 239  36  36 251  67 239 245  70  36 223  48  36  42  64  45  48  67  61  45 254 248  61  42  75  48  76  73  45  64  42  54  88  76  70 226  73  70 278 118  61  51  45  42  67  45 242  48  51 275  51  48 226  67  67  91  76  48  67  67  45  42  67  42 
 48  55  39  39  45  42  48  48  45  42  55  39  39 245  51  73  45  39  58  42  61  42  57  51  85 254  61  70  51 229  42  64 263  45 260  61  70 223  45  70 238  51  55 242 257  73  61  64 269  76  67  48  70  51  67  67 251  51 260  51 242  42  48 241 
 76  39  58  67  64  51  45  61  58  48  61 260  36  45  39 248  55  39 233  61  64  82  42  61 242  48 272  42 245  54  61  45 272  51  70 266  67 266  48  69 260  60  48 244  54 238  67  48  48  57  48  61  54  42  45  51  42  60  73  61 251  48  42  79 
 42  45  70  70  48  48  42  64  39 257  42  45  45  42 230  70  45  61  61 220  57  51  54  57  54  63  73  51  70 254  48  70  48 260  45  51  45  61  61  54  45  48  61 245  61  51  45 236 260  67  64  48  42 254  61  42  45  79  51  64  36  64 329  64 
 94  61 254  61  45 217  79  70  48  70  48  61  48  91  51  70  64 245  70  61  48 332  61  67  48  48  42  39 233  58  64  48  42  64 242 239  64  73  42  67  73 260  51  42  51  42  70  42  73  51  61 245  61  45  48  48  48  42  45  61  39  58  42  58 
 61  39  58 223  36  64  61  48  70  42  36  45 223  48  36  70 260  42  58  64  45  64  42  45 254  67 239  51  42  54  54  54  51  76  48  51  67 254  82  91  48 263  48  48  42  61 254  67  48  66  42 220  42  61 233  61  45  45  45  73  58  39  42  39 
278  39 254  55  36  42 247 239 230  58 254  36  39  42  58  45  42  51  67  51  48  79  60 269  72  72  48  60  67  48  45 251  60  48 236 251  51  42  67  70  45  70  45  45  45  57  64  61  42  67  51  61  64  61  45  70  64 239  76  45  39  48  45  55 
 67  64  45  70  45  60  54 266  45  42  61  64  70  42  45  48  45  42  39  70  85  48  82  61 254  57 263 242  54  61  61  48  61  45  61  48  48  48  42  42  51 260 245  45  42  73 214  36  61 245  79  51  45  42 239  61  64  73  42 217  39  58  79  39 
 73  58  36  39 230  42  42 236  39  64  36 251  42  39  73 354 272  73 241  70  66 269  79 100  97  88 269 251  54  73  42  61  51  67  64 233  63  67  64  51  70  67  64  42  42  70 266  45  45 254  45  42  42  42  42  42  42  61  64 248  39  39  55  61 
 39 257  36  48  39  45  45  64  58  45  36  39  36  67  39  36  42  45  42 269  75  79 242  48  97  60  67  48  67  57  73  70  48  67  61  42 257  61 233  42  51  57  67  79  42  61  64  48  42  63  42 254  73 239 263  42  45  79  51  64  39 257 248  61 
 60  61  42  57  48  48  67 245  60  61  42  48 233  48  76 251 263  79 263  64  76 266  70  51 106  94 263  61  42 238  42  70  48  57  42 239  42 311  61  51 229  48  64 251  70 257  70  42  45  67  61  42  61  45  61  54  45  57  42  42 214  36  58 235 
 66  45  42  42  45  70 263  51  61  67 260  70  42  67  57  42  63  54  42  73  70  42  45  61 109  48 251  88  88 226 254  73  63 248  42  61  67  42  67  76 242  48  64 239  42  45  42  61  42  67  45  64  61  48  42  61  45  45  42  45  58 233 260  61 
 67  36  58 233  36  42  64  42  36  48  51 242  58 242  54  48  51  42  39  36  70  51  42  61  70  70  61  42 257 257  67  57 257  61  67  61  61 251  42  64 245  67  61 217  42 229  61  45  48  54  48  67  67  51  48  51  51  48  67  76  73  42  61  70 
 66  64  39  39  58  42  45  73  39 260  36  39  45  61 227  51  61  36  55  58 248  45  48  51  48  57  51  51  51  42  42  67  48  51  42  42  79  64  61  48 269  51  45  42  45  67  45 220 254  54  51  48  67  51  67  70  79  67 260 254  42  61  54  48 
284 214  39  36  36  64  48  61  48  67  36  36  36  51  39  42  39  39  48 236 248  51  64 245  67  48  64  45  61  42  70 260  69  88  73  75  48  76 245  48  70  81  76  73  42  45 275  48  54  69 238  45  51  42  70  61  42  61  64  45  39  39 342  61 
 73  58  39  36  58  70  61  42  39  48  39  48  39  61 239  42  64  54  64  51 275  48  70  48  78 266  82  57  61 242 239  67  54 257  51  51  79  42 223  51 239  94  42 217  42  64  42 220 236  48  42  42  42  73  42  61  61  42  61  45  55  58  36  42 
124 275  48  76  48  85  67  67  66 112 339  42  88  75  67  76  42 272 112  70  94  88  51  70  91 112 103 100  48  85  78 290 275 136 287 142 148 278 142 112 133 302 112 318 284 305 142 100 324 299 118 287 106  97 124  85 121 103 305 284 103  81 269 100 
 94  76  54  39  48  64  82  67  42  76  42  42  64  67  45  67  45  61  58  39 248  45 278  42  48  79  54  45  42  61  42  42  67 266  48  57  48  97  88  63  70 278  42  45  48  48  51  67 242  91  48  51  45 248 239  61  48  42  67  64  36  48 242  45 
303  39  36  45 211  70  70  54 269 251  36  48  70  45  39  42  48  61  42  54 263  73  51  51  88  88  79 248  82  70  51  79  48  48  48  42  48  45  42  51  69  94 254  51  61  67  45  61  61  76  42  45  73  61  54  42  96  45  42 251  55 257  39  39 
 61 214  36  36 254  45  60  42  36  70  39  55  36  67 242  42  58  39  39 257 232  60 248  61  70  51  45  45  61  51  67  42  51 245  48  70  48  57  70  51  67 260  54  51  73  85 266  51  73  60  42 217  45 220 254  42  64  61  51  64  36  42  39  39 
100  61 239  61  42  42 266  67  48  42 248  42  42  51 236  61  61  42  45 251  42 245  42 248  48  67  42  48  39  55 242 241  60  61  42  61  73  45 250  70  85 272  73  42  61  42  67 333  73  70  64  73  61  42  45 266  42 263  64  42  55  39  36  36 
 91  39 321  58  51  45 220  39  39  61 230  39  64  64  36  64  42 251  64  61  51  54  54  51  85  82  63  48  70 254  48  70  48 229 266  64  64  45  48  82  73  70  67  54  61  39  36  70 257  94  67  42  64  48  51  54 248  51 232  64  39  39  51  51 
263 245  55  39 229 257  45 257 230  39  39  39  39  42  55  36 272  42  61  42 254  57  57 272 241 103  67  51  64  48  45 236  66  48  61  54  67  64 226  42  48  67  48  42  61  54  45  42  42 287  79  67 266  61  42  42  61  67  61  42  58  39  64  39 
 51 248  55  58  58 214  42  61 233 248  55  36  39  55  45  48  45  58  39 217 236  42  64  48  54  48  42  73  45  64  45 272  57  67  54  67  73  48  57  67  70 266 275  51  70  51  48  70  66  88  45 239  70  63 229  64  45  45  61  48  39 254 211  39 
 60 260  58  39  39  36  42  42  39 236  36  51  39  48 242  39  42  61  61 236 245  48 260  48  88  72  51  76  48  73  57  54  54  57  48  45  73  61  51  42  67 266 235  42  61  45  45  67  42  76  64 266  61  76 235  67  42  61  61 329  55 233  39  36 
 91  54  39  70  39  70  45  67 226  45  39  55  64  39 248  36  58  39 223  67  51  79  45 232  70  54  64  42  70  64 239 263  42  48  42  67 251  64  64  42  73  54  73  51  42  70  61 220  66  66 296  76  54  67  51 260  82  82 257  67  42  76  48  64 
211  45  58 245 217  39  48 217  64  39  58  48  39  42  55  36  45  39 254  39  79 229  42 244 245  67  42  76  42  70  42  48  66  82  66 269  73  57  57  54  48  85  54  67  73  67 260  75  67 287 266  61 266  61  42  42  64  70  48 275  39  58  36  36 
248  76  45  39  55  58  61  64  39  36  36 248  70 236  36  67  61  45  64  54  54  48  48  48  78 244  48  51 254  60  67  54 245  48 248  42  45 242  73  54  45  60  48  42 226  64  48  42  70  48  64  45 248  70  61  42  76  45  45  67 239  61  39  39 
260 239  36  36 245  39  42  42  36 278  64 257  58  51  55  45  39  36  39  58 217  42  61  64  48  70  45  45  45  64  45  73  61  61  45  61  45  61  42  45  67  70  61  42  42  42 272  61  48  66 242  67 245  57  48  67  54  67  51  63  82  48  67  42 
 66 263  61  45 226  45  70  51  70  51  42  42  42  51  48  48  76  45  45 236  70  61  82  70  67  85  64  48  42  70  45  42  57  61  70  45  61  48  57  42  61  73  45  51  61  45  51  57  51  70  45  64  64  57  45  42  45  64  42 245  36 223 230  42 
 36  51  64  39 214  39  42 323 248  42  39  36  39  36  36  48  67  42  61  61  48  70  67  82 266  88 244  51  48  51  48 244  60  67  76 236  61  61  57  45  48 229  64  67  55  36 251  54  42 275  64  64  42  51 239  42  42  61  42 254  39  36  58  39 
 94 251  48  48 272 236  60  67  64  79  64  42  42  67  42  64  45  61  36  39 260  70 229  45  51  48  42  42  61  61  39  36  42  64  45  42 260  48 236  45  76 254  67  51  76  42  70  61  51  70  61 263  64 239  48  45  42  61  57  61  39 260 242  42 
 39  58 293  51  64  73  70  51  58  39 233  45  36  39  39  39  61  45  48  61  60  70  48  48  73 251  51  70  48  76  51  51  51  82  42  61  45  45  48  45  51  85  45  48  48  64  64  42 332  67  64  45 302  64  61  48  64  70 236  42  55  36  58  70 
100 257  45  42 260  58  67 254  61 217  39  39  36  42  55  67  51  39  64  39 239 248  48  54 269  48  67  48  61  42  61 245  60  42  54 223  45  42  73  42  79 263  45  51  45  61 248  76  51 281  67 281  54  82  76  48  67  48  67 275  64  42  61  64 
 63  36  42  39  58 230  60  42  39  76  76  70  58 266  58  48  36 245  39  39 254  45  42  61  67 254  45  42 260  51  61  54  39  61  67  42  61  60  79  45  51  73  64  79 220 260  42  67 254 112  72  72  76  66  70  57 257  70 263 272  54  48  67 245 
 61  39  64  48  67 236  61  51 211 257  42  61 214  42  58  39 248  36  58  39  60  42  64  64  51  54  64 332  61  42  64  45  48  48  48  72  67  48  67  51  48  94 245  73  81  67  51  48  51 272  48  45  76  64  70  54  61  82  61 248  42  42  48 251 
238  39  64  58  36  36  76 239  73  67  39  64 239  51  57  64  48  45 245  36 275 236  42  64  67  48  64 217  61  42  48  48  48  73  82 269  48  79  67  70  48  54  48  67  88  48  48  54  48  82 236  61 236  45  42  61  42  42  61 248  64  39  58  39 
 48 220  48  42 269 239  66  70  76  73  45  42  45  64  42  70 254  67  45  36 263  42  42  45 254  48  61  42  64  42  45  61  42  42  45  42 239  51  61  42  42  57 241  64  73  61  48  61  57 263  42 248  70  64 260  73  42  42  67  61  39  39  58  55 
 60  36  45  39  36  39  42  42  39 248  39  58  39  42  42  51  70  48  45  64 220  45  70  51  48  48  42  51  64 233 239  42  73 254  51  61  51  61  79  45 266  48  64 239  48  73  61 248 242  66  48  48  48 281  67 226  70  70 226  73  45  42  42  61 
 48  58  42  61 245  51  42  61  39 248  58  39  58  45 239  55  36  55  39 263  79  73 229  42  48  51  45 248  42  73  51  42  70 269  48  51  48  48  51  67  48 272  82  48  48  45 232  70  57  85  61  51  61 251  67  61  42  54  73 242  36  61 248  36 
248  39  58  45  36 239  42  42  55  45  70  48  55 263  39  48  45 345 236  51 244 257  73  78 100  72  48  48  48  67  45  79  70  48 257  42 217  61  73  42  48  48  42  42 242  64  45  42  42  67  61  42 217  54  61  61  57  67  64  60  51  39  36  36 
 85  58  36  45  39  58  64  42  48  45  39  42  39 245  58 266  39  39  42  58  45  61  42  61  72 278  45  64  45  51  42  42  48  70  51  42  45  64  51 248 251  57  42 232 254 220  42  61 275  82  48  67  60  67  48  70 254 257 257  85  76  61  42 226 
293  61  42 266  51  45  82 257  42  48  42  45  45  70  42  61 223  61 220  36  73 260  45 236 254 103 238  61  45  42  36  39 248  61  45  67  42  67  42  45  48  67  61  48  76  45  61  64  42  51 236  61  51  42  73  48  45  64  42  42 236  36  54  51 
 36 248  73  76  48  45  42  42  58  67  58 220  58  58 260 251  61  42 236 233  76  70  48  48  54  82  57  57  54 269 242  48  70  51  42  51 217  42 239  45  76  48  42 251  42 269  42 214  42  51  51  51  61  61  42  61  61  54  51  45  36  48  39  45 
 91  39  61 251  39  39  76  64  55  45  55  45  58  48  36  67 236  58  39  39  79  70  42  42  51  67 220 242  67 254  79  75  61 638  64  42  42  48  42  45 269  67  67 220  61  70 245  42  57  81  70  70  48  60  48  48  48  67  57 223  42 226  64  45 
 73  61 266  67  45  42  51  54  51  76  79  42  42  82 236  39  61  42  70 230 308  61  61  42  48  67  42  42 217  67 257  67  73  75  48  67 257  54  91  64  67  63  67  51  70 260  70  60  79  63  61  42  51  45  42 248  42  42  45 272  51  39  39  39 
 42  48  58  61  36  42  45  42  58  58 233  39  51  36  64  45  36  70  39  54  48  64  70  70  76  67  45  42  54 236 220  45  67 251  48  48 269  51 239  70  70  70  45  42  64  54  45 251 223  73  48  70  67 269  48 257  78  48  51  48  48  42  64  42 
272  51  67 239  39  36  45  48  39  42  36 248  45 235  39  58  36  64 214  64  64 248  54  70  82  67  45  64 241  64  42  45 242  67 242 251  57 266  67  70  67  76  67  51 266  75  67  67  48  54  51  64 251  42  45  61  76  42  42  42 336  39  36  45 
260  39  42  48  64  67  64 263  42  45  58  55  36 248  55  36  39  36  67  58  51  48  61 248 220  48  64  61 217  42  64 239 254  51  54 254  54  57  76  48  94  66  54  67 226  48  51  76  54  82  45  42 242  42  61  42  42  76  42  45  39  55  39  39 
 85  64  61  61  70  54 260  67  42  67 245 251  42  67 260  48  61  70  58  48  42  45  61  45  76 229  70  70  36  39 239  67  54  42  45  42  73  42 254  76  67 269  45  42  42  70  42 217  64  48  61  42  61  70  42  61  45  51 263  42  55  58  39  36 
 73  36  58  54  76  36  48  64  36  39  39 245  55 236  39 226  55 263  58  36  78  45  61  42  48 354  42  45 248  64  61  61 263  42 263  79  45  42  42  42  63  51  67 254  51  39  45  42  94  54  76  54  51  48  67  73 254 251  54  67 239  76  45  70 
 79  39  48  39  70  39 214  51  58  61 248  58  55 242  55  54  42 248  42  42  54  67  76  76  69  97  48  48  48 245  61  42  67 269 226  67 217  42 260  61 266  67  42 217  48  60  63  45 217  70  42  61  42  64  42  67 254  45 242  64  39  36  70  48 
 36  36  55  39  54  39  54  42  58  58  36  36 214  36  39  39  45  61  45  45 266  79  70  48  54  54  51 245  48 254  51  67  51 248  42  61  61  48  45  45  51  51  48 248  67  54  73  61  54 254  67  73  45  64  61  51  64  64  67  64  39 293  39  39 
 79  36  39  55 239 223  42 429 242  64  58  42  42  42  70  61  51  76  51  45 257  67  79 272  94  97  48  76  48  67  48 254  94  67  64  67  61  42  54  64  70 254 239  42  45  73 275  63  51 284  76  45  42  42 233  64  64  48  42  45  36  36  45  39 
 57  70  48  42  67  70 251  76 245  70  45  39  73  48 245  48  48  48  42  51  67  67  70  91  60  54 260  48 263  67 220  48 257  70  67  42  42 239  42  76  70  48 260  42  61  42  48 260  42  88  51  51  67  57  42 260  57  45  61  61 233 254  64  39 
 61 236  36  36  64  39  51  61  39 236  39  51  55  48  39  58  39  36  55 248 236  42  64  45  54  48  78  73  42  48  48  79  73  57  42  42  42  64  51  45  42  79 229  73  45  61 281  61  48  79  48  51  82  94  88  70  48  67  67 278  42 239 239  42 
 69  36  39  39  70  45  61 248  39  67  54  39 260  64  58  55 230  36  36  39  48  48 223  42 275  48  51 229  61  61  45  45  42  61  42 345  42 266  61  64  64 245  48  42  73  57  54  42  67 251  57  79  48 248 266  97  70  70  57  73  54  70  42  67 
281  36 233  55  45 217  51  61  39  70  64 236  58  58  61  58  39  58  36  58 245  48  67  42  51  67  45  45  45  42  54  45  64  64  42  61  45  57  67  64  42  48  70  48  48  36  57 278  76  54 263  48  76  51  54 272  54  48  57  51  45  45  42  61 
 57  64  39  55  55 235  45  61  64 257  36  36  48  61 257  45  61  76  42  48 251  48  79  76  91  88  48  51  51 217 248  48  67  67  48  42  67  45  42  61  64  48 233  45  45  42  45 242  61  48  42  64  61  54  45 248  51  48  48  48  39 260  42  36 
 51 260  54  48  70 254  67  57  45  48  42 239  42  42  48 260  42  42  39  39  51  42  73  70  73  79  42  61  42  42 239  42  42  64  61  64 236  42  61  64  45  48  61  64  45  48  64 248  45  48  45  61  61  61  45  42  63  57  48  67  61  42  45  70 
 69  39  48  36  61 248  61  42  36  58  39  36  58  61 233  36  36  39  39 233  42  42  61  42  51  79  67  42  45  42 257  58  67  54  48  60 257  48 260  48  54 284  48  70  51  57  67 260 263  54  76  67  45  45  42  76  67  61  64  61  42  48 260  45 
257  55 233  58  39  45  73  42  54  51  45  51  39  45 248  42  58  39  76  64  42  54  51  70  54  51  45  61  70  48  54  51  51 257  51  70  48  63  48  70  70  69  54  48  76  70  82 281  76  88  70  45 223  64  61  64  67  45  60  42  58  39  42  45 
 85  67  73  36  54  67 339  67  45  51  82 239  42 223  45 245  70 226  75  64  67  85  42  61  63 263  85  67  51 254  51  42  67  67  45  45  42  57  42  48 281  67  70  51  67 217  85  82  48  51  45  64  42  42  76  51 287  67  64  42  61  39  36  70 
 94 217  42  54 254  67  48 220 251  85  67  58  55  61  36  58 238  55  39  55  42  48 217  42 281  73  61  45  42  42  45  48  61  45  42 254  45  61  45  45  73 242  70  42  51  42  60  67  67 272  67 254  67  51  51  79  48  67  63  60  57  70  42  61 
 61  45  45  61 239  48  87  66  42 236  61  64  45  67 239  42  64  42  36 239  42  57 251  61  67  48  61  45  61  57  57  45  61 239  45  61  45  45  42  42  42  51  42  39  42  42 251  42  70  79  42 263  64 229 236  45  61  42  76 251  39 251 211  58 
 69  39  58  36 214 233  97  51 232  70  39  55  42  57 214  39  39  55  39 248 248  54  42  61  73  70  55 251  61  48  73  45  45  42  61  45  42  73  64  42  42  76  70  42  64  61 248  42  94  60  67 257  70  51  48  57  51  54  54 242  42 244 236  42 
 51  42  55  39  42  64  70  51  55  54  42  48  48  39  39  58  45  55  39  67  64  61  45  42  51  70  70  64  70  64  42  51  51 263  82  51  76  51  51  57  51  69  48 245  61  45  57  67 226  79  64  45  42  51  64  42  54  45  42  45  58  39  61  39 
 60  39 254  36  36  55 248  64  70  42  45  42  61  67  45  58  45  55  48  39  42  42  61  42  73 245  45  45 245 226 217  39  76  76  79  48  67  67  73  60 254  69  48 242  67 245  48 254 269  76  61  42  42  67  61 278  45 260 233  82  51  55  39  36 
 66  45  42  61  64  64  54  48  42  67 251 239  67  73  67 235  42 263  58  36  42  42  61  42  67 317  61  42  42  61  60  61  61  42 263  51  45  42 254  64 272  48  42  70  48 251  45  39  67  70  45  45  67  42  51 248 263  42  70  45  39  70  55  39 
 79  36  36  39  58 236  63  42  48  64  39  39 230  42  61  64  79  48  51 239 254  48  51  51  72  69  67 254  48  48  67  45  51  76  54  42  42  76  64  42  42 244 260  61  42  61 236  51  82 241  42  48  42 239 254  42  61  45  61 266  36 245 251  58 
 94  58 242  36  55  58 269  57 245  58 251  45  39  58  39  42  61 260  67  60  48 263  79 308  63 260  48  76  48  48  70 257  73  51  42  73  70  45 263  48  42  57 223  67  42  70  42  45  48  48  67  42  51  61 254 248  69 254  42  48  36  39  67  42 
266 220  48  67 260  54 112 248 220  88  48  61  48  94  48  42 263  48  39  42  48  54  85 260 272  48  42  42  61  42  51 263  42  42  42 254 236  73  64  61  42  48  45  73  45  61 263  61  61  97 242  42  67  42  51  45  61  42  76  67  39  73  36  58 
 85  36  58  55  39  58  42  67  55 248  70  58 214  57  39  55  39  55  39  39  82  82 226  48  48  79  45 260  42 260  54  45  67  67  67  54  67  67  54  51  76  73  51  51  51  48 251  48  70  81  67 254  42 236  51  64  42  42  42  51  76  48 239  39 
 76  39  55  39 214 233  61 257  45 220  39  70  36  48  55  55 257  39 229  39 239 248  42  42 275  75  61  51  42  54  70  48  51  76  64 248  64  42  76  45  45  82  61  42  61  55 266  45  48  87  54  51  51  51  70  48  70  51  67 257  61  42  61  42 
 82  39  36  39 211  36  63  51  39  64  39  36  42  42  61  39  67  36  58  39 251  48 242  45  73 269  70 229  55  45  36  36  45 257  48  61  42  76  64  42  45 247  51  61  61  61 254  51  76 315  48 244  48 263 242  48  70  67  73 269  45  45  64  42 
 39  55 233  36  39  39 236  48  39  61  39  58  39  39  45 233  70  42  36  36  61  45  42  61  67 257  67  82  70 357 238  42  54  64  76  61  48  42  51 260 311  48  51 236  64 254  45 239  76  94  48  67  48  48  70 257 238 257 263  57  73  42  61  42 
 79  64 239  61  61  48 223  54  54  67 248  64  45  51  51  42  73  42  76  39  42  67  70  42  67  51  45  61  51 239 251  64  45  48  73  64  45  42  54  64  42  67  61  42  64  61  45 251 266  94  42  51  42 254  45 248  61  45 211  51  67  39  39  36 
 55  55  39  36 233  39  61  67  39 223  39  55  39  58  48  51 248  67  55  42 236  48  48  60  79  51  57  54  61  42  45  48  75  75  48  51  76  48  63  60  51  94  51  48  51  70 257  42  48 263  51  48  42 263  42  64  42  42  61  39  55  58  39  39 
 73  39  39  39  55  61  42  48  64  39 220  39  55  76 239  48  42  64  51 236  57  67  88  85  91  88  48  48  51  73 275  48  97  91  48  67  45  61  67  42  42  73 333  45  42  42  61  67  60 106  48  76  45 254  45 233  42  64  42  73  51 230 254  39 
 54  39  39  55  36 230  73  70  48  48  48  39  36 344  39 232  45 275  73  64 269  48  67  45  57 251  67  67  51  51  48  67  91  66  85  76  57  76  82  42 226  60  48 254 251 260  67  79 354  85  85  42  67  42  61  61 248  42 239  67  67  58  39 248 
 45  39  36  36  39 233  64  42  51 242  48  64  58  48  39  39  42  45  57  45 257  70  48  67  76 248  67  51  51  76 260  48  51  73  61  42 251 103  76  48  51  79  45  61  45  45  64  48 272  66  48  67 245  42  42 220  42  42 236  76  48  39  58  58 
 82  39 245  36  36  39 236  45  42  42 220  36  58  67  39  55  58  45  39  55  42  42  51 233  51  67  42  42  42  61  70 217  70  67  57  48  48  67  79  85  82  91  67  48  48  51  67  54  67  82 263  82  61  42  45  45  45  67  42  63  45  36  39  39 
 61 211  55  36  42 233  42  42  64 248  39  67  36  58 263  39  42  70  45  64 266  67 263  67  85 260  67  63  67  48 245  79  57 266  48  42  48  61  70  45  42 263  48  48  58  58  42 251 239  67  51 232  42  73 251  45  51  48 254  45  58  39  55  39 
 97  42  55  36  39 230  54  45  60  67  39  55  39  42 226 230  36  36  51  39 263  64  42  42  67  70  61  39  58 233  67  42  42  67  64  42 260  67 242  42  54  48  45  67  63 254  67 245 254  66  72  70  48  70  73 251  63  48  51  70  45  42  67  42 
 76  55  36  55  36  39  51  45  70  45  58  39 214  55  55  39  45  39  64  39  42  42 272  64  54  48  45  45  45  42  42  61  48  45  48  61  64  45  51 242  70  67 260  42  39  58  42  73  60 263 109  79  70 242  51  67  70 254  48  79 242 236  42  51 
 82  42  39  36  36  39  42  42  61 236  36  36  36  42  39  58  79  48  42 251 226  48 226  51  88  69  51  57  70  67 251  61  66  67  76  61  54  61  76  42  73 269  61  45  64  45  45 251  67  94 106  51  42 269  70 242  61  64  64  45  55  45  36  58 
 76 248  39  39  39  39  57  42  42  51  55  39  55  67  36  39  61 220  61  61 254  54  67  48  54 266  51  51  48  51 257  67  70  51  45  54 220  54 242  45  51  70  42  51  42  61  55  67  64  97  48  75  51  45  73  61 239  64  70  67  39  67  36  58 
 85  36 217  39  58 214  45  61  67 254  55  48  55  64  45  39  39  36  36  42 263  42  42  61  73 239  42  73  45  61 254  48  76 245  67  42  51  45  57  61  51  82  42 245  45 229  45 272 257  88  60  84  88  81  88 272  51  67 242  57  42  61  42  42 
260  64  70  36  39  55 257  51  36  51 232  42  51  42  36  58  39  36 239  48  61 254  73  57 251  48  42  70  51  45  61  61  82  73  54 272  54  70 272 317  48  57  73  67 266  94 248  73  54 278  79  48 242  48  67  67  54 236  42  61  36  39  58  61 
 57  58  45 233  70  36  48 260 236  67  36  36  36  36  39  55 220  61  42  61  48  70  70 257 260  63  51  70 223  48  48 254 260  67  48  73  51 254  67  79  73 248  61  61  54  45  64  61  42 248 332  79  42  42  42  54  48  61  42  42 251  58  45  67 
 63 211  36  45  45  67  45  42  39  54  39  39  39  48  39  36  42  45  61  64  60  51 260  48  91 269  70  48  70  51 254  70  48 241  61  76 242  61  64  42  45  70  64  48  61  42  42  51 263  57  61 260  76 248 257  42  64  85  76  64  36  70  36  58 
 61  64  39  70  36  67  42  42  39  51  36  58  67  39 260  36  58  39  36 339  51  42 284  61  48  76  64  45  57  42 239  45  51 245  67  79 260  67  70  48  48 275  70  67  51  79  70 239  67  57  70  57  42 232 266 229  42  76  42  70  42  70 254  58 
 69 239  61  61 245  42  51  67  54 278  54  42  61  63  42  61  45  61  48  39 239  42 251  42  67  67  45  58  36  55  51  42  42  67  45  42  61  64  42  61  64  73 266  51  42  42 269  61  54  60  61 251  51 260 260  61  42  42  61  73  64 236 242  36 
 67  39  36  48 251  67  64  45  39 223  39  39  36  36 257 211  39  36  36 248  51  70  61  42  67  48  64  64  61  48  64  64  67  54  70  48  51  48  48  51 245  81  54 257  54 263  48 248  54  54  51  45  54  45  61  76  64  57 248  45  55  55  58  61 
269  70  54  67  58 320  48  64  55  61  39  61  67 260  36  36  39  39  48  58  79  91  67  42  48  70  42  42 260  39  58  58 236  42 220  61  42  42  61  61  42  67  57  73 214  42  42  42  54  85 245  48 109  48  73  51  51  79  51  48 223  42  42  42 
 48  39 248  61  61 211  61  61  58 260  39  61  55  58  67  36  42  45 233  58 254 239  67 248  51  48  61  79  42  45 251  61  73  45  54 248  51  42  76  64  61 248  42  42  42  70  36  48  48  57  57  51  69  48 263 254  57  48  67  51  61  42  42  42 
278  51  73  61  42  73 223  91  42  61 248 254  48 254  61  45  42 326 254  48  42 220  67  51  57  51  45  42  54  61  39  55  61  42 217  45  67  42 236  64  61  48  42  42 239  70  42  45  61  70  51  42 260  42  61  61  73  45  42  45  39  55  39  36 
 42  64  42  54  64 232  73  73  57 260  51  61  48  76  61  42  64  42  45  39  67  61 266  61  51  67  42 254  42  70  57  42  45  48  42  42  61  42  45  61  61 354  45  45  45  42 266  39  70  76  42 251  51 226 254  45  61  63  45 254  58 217  36  55 
315  51  70  42  42  45  79 257  60  66  81  88 272  48  45  48 229  64  45  39  85  61  42 244 251  76  45 260  42  42  42 263  42  61  45  67  42  73  61  45  42  67 263  54  64  61  64  64  73  51 248  42  76  61  51  42  42  61  42 257  39  39  48  67 
 82  42 248  54  51 248  63  48  36 257 106  64  67  69  64  36  42  45  42 230  54  42  45  61  70  57  61  42  42  45  45  45  67 260  67  76  51  76 251  45  54 272  67  67  67  76  48 260 248  73  73  48  48 232  45  73  42  82  42  45  39  67 245  45 
 42  48  58  48  39  73  61  42  39  45  45  55  48  42 260  42  42  42  42 254  85  48 284  67  73  82  73  67  60 245 235  48  67 257  45  70 245  42 239  70  42  48  61 236  61  48  42 248 254  67  79  70  42 254  61 254  42  54  51  42  55  64 254  36 
 94  48  64  48  48  48  45 263 220 260  61  55  42  42  36  42  42  61  39  55  67  48  64 248 269  67  45 245  42  42  61  45  42  42  61 266  61  42  42  61  57  48  48  64  61  45 311  42  70 248  51  54  54  72  70  67  48  63  79 260  42  70  42  51 
 42 245  61  61 266  42  48  51  61 242  67  42  64  45  45  42  51  70  42  64 236  54  45  61  73  67  42  70  45  42  45  42  54 245  76  42  70  42  48  64  67  48  70  64  55  51 248  70  42 263  51  70  61  73  61  42  42  42  54 238  36 226  39  42 
260  51  48  48  39  55  48 239  58  42  42  36  67 223  36  39  36  61  45  45  75 335  48 260  70  51  42  42 242  36  36 260 263  54 239 223  67  67  48 226  48  88  60  57 245  48  67  67  54  54 263  61  48  70  51  42  45 332  61  61 236  36  58  61 
 69  36  39  45 233  39  42  45  51  54  45  42  55  48 230  39  55  39  64 230  85  63 251  48  51  51  51  67  42  45  57  61  45  57  45  61  64 250  45  42  57  54  64  64  45  61 226  39  54  82  48 260  70 254  60  70  70  79  48  73  76  45  51  45 
 69  79  73  42  64  61 254  79 229  70 260  67  54  42  45  42  48  61  42  58  42  42  64 236 266 106  42  45  57  61  55 248  64  48  42  48  48  64 254  61  54 242 251  42  61  45  42  61  61  48 260  51  42  67  61 248  45 242  45  45  39  61  48  39 
254  61  42  61  61  42  67 254  73  64  45  60  42 248  70  45  48  64  48  36  42 232  45 220  54  69  48  64  64  42  61  48  73  60 248 239  45  45  54  70  42  48  42  42 251  64  42  36  61  67 260  42 254  70  61  42  61  64  42  57 220  58  39 233 
 66  39  36  67 308  45  42  51  58  61  39  45  64  61  36  39 220  58  36  57  42  73 263  42  51  51  79 226  82  67  42  42  42  48  42  45  54  64  61  48  42  67  76  45  64  70 236  61  79 266  85  85  76 324 272  70  60  57  63 245  45  64  67  61 
 88  48  48  58  55 257 263  45  39  36  58  67  67 251  61  39  39  64  39  48  45  42  42  61  76 260  76  42 263  64  67  73 217  64  61  64  61 248  45  54 239  70  61  42  45 226  42 251 251  97  48  67  67  54  91  57 100  66 232  76 272  51  70  54 
 57  45 239  42  54 251  57  67  42  79  48 269  45  61  45 251  61  61  67  39 254  54  61  42  48 239  61  42  64 263  42  67  48  67  42  61  64  64  42  42 272  48  51  51  45 251  61  45  67  67  61  42  64  42  63  54 239  42 257  64  39  36  36  64 
 63 263  58  55 223  39  42 257 233 239  70  42  36  42  36  55 251  42  61  42 242  79  48 263 275  69  67  67  48  67  67 226  85  73  67 235 254  42  57  45  54  48  61  64  54  42  73  42  42 244 333  85 320  42  51  60  61  48  54  51  48  51  39  36 
 70  39  36  39  64  55  54 236  39  64  39  42 230  36  58  55 239  42  45  42  81  97  48 245 247  54 254 248  51  48  70 223  60  67  48 272  51  73  61  42  70 245  61  42  48  36  51  42  42 269 275  48  61  42  51  70  61  42  70 266  58  51  36  58 
 60  39  67  55  45  39 251  45 229  61  39  58  42  36  39  39 220  36  39  39  42  48 236  64  51  54  42  42 230  58  36  39  42  42  45  67  67  48  70  76  67  57 251  51  48  42  64  61  70 245  48 239  54  48 272  54  67 260  48  48  42  70  57  73 
 42  39  39 214  36  58  61  48  58  42  39  36  61  58  36  51 342  42  42  76  48  67  76  85  76  76  48  54  70 245  51  48  57 254  42  42  45 242  76  63 245  94  42 233  61  58  39  36 232 254  42  61  61 272  48  42  70  82 236  70  61  36  48 230 
 91  48  39  39  36  45  45  42  36  36 217 242  73  45 211 229  36  36  58 248  45  42  61  42  67  63  51  42  57 220  58  55  42  42  64  48 272  61 248  51  51  48  48 257  45  48  64  45  70  69  60  63  67  48  88 223  48  67  73  67  61  67  67  61 
 42 220  42  42 269 239  67  67  45 241  45  61  48  45  45  48  76  61  39 211 233  42  82  73  67  51  64  48  61 220  64  42  54  42  70  64  45  42  64  45  64  51 263  45  51  48 233  45  42 332  42  64  64  60  42  51  42  42  45 269  58 230 317  58 
 91 230  36  58 263  42  42  61  58 239  55  36  61  61  39  36  45  58  36  39 242  61 248  42  73  76  79  45  42  54  45  61  48 242  67  57  51  48  67  82  79 638  54  51  82  67  60  91  51  73  67 269  64 236  48  79  42  45  64  61  36  45 239  58 
 66  42  42  45 248  61  67  67  64  48  42 266  67  70  45 236  48  54 257  42  61  76  48  67  54  57  70  61  42  57  70  51 248  51  61 248  42 233  42  51 226  76  45 248  51 323  51  63  70 287  70  45  70  45  45  82  64  45  73  42 230  67  39  55 
 48  39  58  55 226  48  42  45  45  58  55  58  45  61  45  36 226  54  70  64  57  67 242  67  82  76 106  82  88  67  54  48  79  51  42  45  76  42 257  76  61  48 257  61  64  42 317  64  70 266  48 245  48  45  42  51  45  45  42  45  39 238 236  36 
 54  39 214  55  55  36 244  61  55  51  70  36  61  70  36 236  39 260  39  36  45  64  42  42  48 254  48  42  42  70  64  42  70  51  54  57  48  57  70 275 248 281  48  51  48 272  48  88 235  82  67  42  70  67  48  51 272 239  54  45  39  54  39  36 
 51  39  55 251  39  36  42 239  67  51  45  36 226 272  55  55  39  36  45  39  61  51  45  42 238  48 248 239  42  73  61  64  42  64  48 248  61 266  42  64  45 311  79  61 238  61  42  73  60  88  67 245  48  82 248 109  67  48  48  73  79  61  42  45 
 60  42  61  42 239  61  67  51  64 241  51  42  45  66  45  61  73  42  39  58 236  54 217  42  67  67  64  61  39  64  42  42  42  61  67  42  61  42  42  61  42 278  64  45  61  45 236  54  42 251  64 260  64 236 223  91  48  42  48  70  45 220  39  39 
 70  39  36  39  58  55  61  42  48  64  39  55 245  45  45  36 229  57  48  61  48  67 242  67  85  73  82  66  67  67  70  48  57  73  42  42  42  64  70  45  45 245 263  45  61  42 239  55  73 242  61  70  64 217  64  42  48  48  48 248  55 217 236  58 
266  45 260  73  73  42  79  48  42  42  61  45  45 269  42  61  61 245 226  58  94  45  76 245  67 269  45  61 254  42  36  36 245  61  42  73  42  48  45  51  42  67  61  42  42  48  61  42  42  48  48  64 236  42  42  54 245  61  48  70 266  70  39  64 
 64  36  39  39  36 266  61  45  42 223  45  55 257  48  70  36  67  54  67  58 263  42  42  61  60  67  45 220  61  57  42  45  48  54  70  70  48  48  70  70  51  81 251  76  67  67 239  45  73 263  42 223  54  45 242  42  70  42  42  73  63  64  42  58 
 63  39 236  39  39  36  45  79  58 251  67  45  58  67  45  61  48  58  36  36 220  45  42  42  63  60  51  42  48  54 236  51  67 269  57  76  51  70  73  67 248 284  76  57  48 254  48 254 284  54  70  64  45  54  45 263  82  61  45  54  45  58  51  64 
 60  45  64  51  42  67  61 248 214  45  39  39 214  48  39  58  64  42  42  42  54  54  67 251 254  60  51 245  51  57  67 254  54  70  67  48  70  51  48  70  42  79  45 260  57  42  76  48  64 272  42  67  73  45  61  54  67  57  45 239  55  58  51 245 
236  39  64 257  42  36  61  64  70  42  36  48  36 248  67  39  54  76 260  42  67 254  51 226  88  57 266  60  48  48  48  48  66  76 278  45  61 248  48  64  42  67  36  36 254  64  61  61  61  48 242  42 326  61  61  42  70  42  42  70  42  55  39 236 
254  58 230  39  55  64 248  48  39  39 314  58  36  64  60  39  51  54  67  61  48 244  48  67  94  91  51  67  48  48  76  70  48  48 318  42  45  64  51  45  42  48  51  61  42  45  42  42  70  48  42  61 239  45  42  45  66  64  42  79  67  55  39  39 
 60  73  76  45  45  42  73  57 257  48  61  45  51 254  67  45  42  67  58  36  61  73  70 278  67  48  61  61  45  61  42 239 251  64 232  54  42  42  42  57  42  48  42  61 236  51  42  45  42  70  45  64  64  64  42  61  64  54  60  42 245  45  58  42 
266  39  39  55  55  58  45  42  51  76  73  67 257  76  64  58  39  39 223  58  42 233  42 242  48  70  42 220  55  36  48  39  45  51  51  64  42  54  64  45  48  48  64  61  45  42  57  45  51  91  67  48 260  51  48  48  57  91  48  51  51  42  42  64 
 42  58  36  36 233  39  42  42 248 251  45  61  64  42  61  48  45  36  39  39 229  42  70  57  57  48  45  70  61  54  61  45  73  48  57  67  48  67  82  48  70 287 245  48  51  51 251  54  67 275  42  64  42  51  42  45  61  67  42 248  39 233  39  58 
 88  42  61  70 251 254  48  67  42 263  61  64  70  57 260 245  42  42  42 233  76  42  42  61  67  54  42  64  42  42  42  36  61  64  45  70  42  42  42  42 272  67  61  45  70 217  67 248  45  70  42  61  42  48  61  54  42  79  51 260  39  67  61  39 
 42 260  42  45 245  64  54  48  61  79  42  61  42  42  51  48  48  48  36  55  54  45 260  61  67  54  64  64  61 217  61  42  42 254  61  76  45  70  61  42  61  48  64  45  51  73  42  39 242  51  51  51  61 245  45  54  42  51  45  67  39  64 251  61 
 88 236  36  36  42 236  45  45  61 245  67  45  58  61 251  45  64  48  63 242 226  76 263  48  69  69  48  51  48  67  76  82  70  60  45  42 217  64  82  42  64 263  67  45  45  64  51 217  42  48  45  45  45  67 251  76  64  70  76  51  45 245 248  39 
 82  42 239  64  45  42  79  67  61  76  51  70  42  79 245  36  64  42  42 248 106  51 275  61  48  48  48  42  61  45 260  70  70  60  51  67 248  76  57  61  51  63  70  79  51  67  70  57  70  85  42 244  70  48 239 220  61  48  64  54  45  61  39  55 
 58  61  70  45  42  73  42  45  36 245  36  58  36  58 233  54  61  42  42 239 109  73  63 109  54  79  51  70  67 269  51  51  48 257  48  70  64  67  42  67  45  67  61 217  42  64  42  42 248  48  42  45  42  45  42  64  64  60  54  45  55  45 317  48 
 79  36 260  39  48  55 251  48  36  45  39  58  58 248  58  45  45 251  61  64  70  51  70  70 112 109  48  51 242  70  51  48 245  73 269  45  45  45  64  42  54  67  45  45  70  73  45  45 236  70  54  54  42  42  61  70  70  42 248  48  36  39  45  45 
 42  45  39  39  58 230  54  64  58  70  45  58  39  64  36  61  61 220  42  45  76  73  67 257  69 272  73  48  67  48 254  48  48  51  48  45 251  70 236  42  61  67  51  42  63  36  45  51  54  76 254  42  64  42  45 236 242  61 254  61  39  58  39  36 
 82  45  61  42 220  42  67  48  48 254  57  61  45  42  48  51  70  45  51 245 236  45 257  64  70  70  70  45  61  64  42  42  45  48  73  64  45  42  64  42  64 257  70  45  61  42 236  45  79 263  42 251  45 232 239  42  42  61  48  51  51 245 260  36 
 48  45  45  42  42  42 257  48  76  51 244  45  61  42  54  67  73  51  45  58  61  45 229  42  76 269  61  51  67  42 260  70  45  70  70  42  67  64  73 239  61  51  45  42  42  45  55 239 260  48  64 257  61 257  64 220 260 220 260  51  48  55  36  58 
 79  55  39 245  58  36  42  42  42  58  39  39 230  42  67  42 245  54  48  39  61  64 248  61  63  67  67  67  45  45  55  42 100 106  70  67  51 245  82  70  67 269  73  70  48  67 245  51  79 232  42  64  45 217 260  42  61  61  51  51  39  39 214  61 
248 230  58  39 238  55  51  64  58  64  39  36  36  39 233  42  45  64  45 217  69  57  67 242  57  76 251  70  67  70  57  67  54  54  51  51  64  70  42  45  64  76  79  42  73  42  70  58  45  70 223  45  64  42  45  48  45  42  69  45  55 217 263  39 
238  36  58  58  67  45  42  45 317 342  36  39 305  42  39  61 236  36  36  58 248  64  42 236 251  79  73 238  64  45  64 220  48  70  70  97  57  48  67  91  48  91 257  67  57  67  76  51  67 260 257  61 251  42  42  48  45  42  51 242  39  61  48 263 
 85  36  55  55  36  58  42  85  58 214  39 229 238  55  73 257 317  51 263  45 242 223  54  76  69  79  64  70  45  42  42  42  82  48  51  51  88  66  60  67 257  91  48 226  48  60 242  70  73 257  48  67  48  67  48  61  73  42 272 335  36  42 242  39 
284 242  61  51 248  45  45 251  42 650  70  39  39  64  36  55 217  36  45  36  76 254  61 263 254  67  45  61  61  45  51 244  42  61  42 242 239  45  70  70  67  69  70  70  42  42 260  64  76 103 260  48  73  48  79  69  91  57  70 124  76  45  67  48 
269  61  64  67  42  64  42  42  54 260  39  64 260  61  55  55 233  36 245  36  54 248  45 242 241  67  64 239  45  73  42  54  61  70  45  42  45  61  42  42  42  57  48  48  45  64  42  64  48 248  73  67 272  48  48  70  67  85  67 272  51  42  42  57 
 36 257  55  70  45  55  67  61  36  64 230  36  36  42  58  55  48 239  64  42 100  76 263  48  73 226  48  48  48  57  60  48  67 266  42  42 254  45 245  64  42  70  45  39  67  48  48  70  48  63  42 345  42 257 233  42 239 251 251  48  36  55  36  36 
254  58  39  58  36  36  42 263  36  57  45  58 214  64  39  39  94  42  70  61  70 344  70 248 278  69 260 242  48  73  51  70  67  48  76 239  61  45  45  61  61  54  54  45  42  45 223  76  73 257 217  42 272  45  45  67  42  42  42  79  64  58  36  39 
 45  55  39  58 233  36  42  64 245  42  55  36  45  58  39  55 226  36  39  36  64  51  51  45 263  76  70 248  57  61  45  45  70  67  48  57  76  48  51  63  67  85 260  48  45  51 257  73  57 266  90  45  64  45  42  64  42  45  64 241  39  45  67  39 
275  55  39  39  39  39  54  61 248  70  36  48 245  61  51  39 260  73  55  39 244  45 236  45  76  48  42 257  42  61  36  45  61  51  45  42  42  54  42  42  42  48 226  42  42  61 220  42  48 257 100  91 287  70  48  67  48  70  67 278  42 248 242  45 
 64 232  39  39  36  64  61  42  39  45  39  58  36  36  45 230  82  48  61  64  76  63  67  67  88 248  73  57  67  57 245  51  57  73  70  61  54  42 248  48 248  57  48 272  45 239  58 257  67  67  42  61  78  51  51  45 239  45 247  42  61  39  39  58 
 82  55  36 248  36  36  45 245  39  51  76 257 245 238  36 248  58  61  64  39  70 263  64  45 245  67 244  64  45  48  42  64  64  45  70 254  45 245  42  42 233  57  48 248 236 342  61  51  85  69  51  51 103  88  57  88  48  67  48  48  76  42  61 254 
260 220  54  36  36  39  42  48  39 242  58 248  51 248  39  58  39  67 208  61 257 257  70  67  88  67  45  51  76  42  42  42  54  70 239 242  70  42  51  64  67  54  67  51 248  76  48  67  73  79  91  48 245  48  67 281  88  67  48 269  63  42  42  61 
245  36 226  39  58  39 260  45  39  36 251  58  58  39  39  67  36 248  36  64  45  42  54  51  85 248  42  64  45  61  48  42  88 254  64  64  76  67 266 257  42  48  61  42  42  67  61  64 260  54  70  48 226  51  67  48  94 269 251  67  48  45  64  45 
 60  42  42  45 242  42  48  51  51 239  42  61  45  45  67  61 272  57  67  39 220  42  45  42  63  48  45  51  61  57  64  45  79  42  61  61  45  61  73  45  42 275 248  61  42  45 236  42  48 226  64 236  42  42 233  42  64  64  45 254  48  64  39  58 
348  39  42 245  55  39  42 229  39  76  51  36  58  64  36  36  58  42  39  58  61  51  64 320 242  67 260  42 260  45  48 236 242  61  64 357  42 266  64  61  61  70  61  48  54  42  51  42  48  54 226  48  51  67  54  51  48  48  57  51  93  63  48  45 
 63  39  61  39  36  58  42 242  45  48  51  36  39 263  36  55  58  61  54  36  61  48  45  45 242  48  45  42 233  64  42 238 235  70  76 254  67 257  48  73  48  88  76  67 239  51  67  54  79  72  70  64  42  42  42  61  42  42  61  61  54  36  55  64 
 57  54  67  36  39  45  42 248  39  39 214  36  48  58  55  39  45  48  61  42  54  73 220  48 263  54  57  51  57  48  48  70  51  48  51 229 348  61 254  48  51 235  70  61 263  36  39  36  42  67  42 260  42  45  48  70  42  67  51  39  39  51  55  36 
 72  51  54  60 329 242  48  67  61  51  45  45  73  51  42  64  45  67  42  39  48  61  64  45  70  79  61  42  70  42  39  39  42 236  45  70 254  61 242  42  48  48  45  64  67  48 236  64  42 254  64  73  42 245  67  42  42  79  42  61  36  51  45  55 
 58  58  36  36 242  45  48  48 214  64  36  55  64  39  48  70  64  45  67 257  48  51  57  51  73  54  51 254  51  67  70 266  48  48  73  42  51  64  61  42  45 251 326  42  42  61  58  51  61  48  42 217  42  67 260  42  42  61  64 239  36 236 324  58 
 79  58  58  58  58 230  76  48  64  60  48  58  36  54  58  39  45  64  51  42  73  76 260  67  79 242  67  70  48  57 269  48  51 266  51  42 236  76 220  42  42  60  70 254  42  45  42  70  48  79  45  70  73 251  61 239  42  42 248  42  58  42  58  36 
 66  64  45  61  42 248  67  85  61  70  60  67  45  64  42  45  42 242  42  73  64  45 338  64  57 229  42  61  45  64  67  42  42 260  64  57 248  42  54  61  61 257 223  42  42  51  61  64 245  48  60  79  48 226 266 251  88  42  70  67  70  51  54  58 
260  70  51  45  36  64  42  57  39 245  42  42 254 257  36  58  36  42 232  36  48 239  48  54  67  76 245 229  61  42  42  42  42  61 236  61  42  61  61  42  42  67  61  42 251  70  42  61  48  79  73  51  48  67  67  73 272  85  67 266  67  48  57  69 
338  42  42 281  76  64  54 242  42  48  61  61 251  67  67  67 248  42  76  36  94 260  61 236 226  51 254 220  61  42  42 236  42  42  45 324  42  48  61  64  61  48  51  48  51  42  51  42  73 242 254  42  70  42  48  73  67  57  42  42  39  42  39  61 
 51  58 236  36  55  45 251  61  39  42  61  58  36  70  58  45  42 239  45  36  61  67  45  61  48 272  76  61  42  64  51  42  48 266 269  79  48  48  73  76  60  66  42  70  57  51  57  48 254  76  64  48  42  42  70  45 251  54  54  45  58  45  42  36 
 79  45  39  70  39  51  45  61 233 239  36  36  64  42  48  67  73  48  88 260  57  51  60  60  88  88  67  67  76  42 260 257  48  48  54  42  51  64  45  42  42 235 320  64  61  61  42 269  64  48  42 217  45  70 254 236  42  82  64  64  39 233 257  55 
 36 233  39  39  58  58  64  61 269 217  36  64  36  55  67  39  51  45  48 260 245  94 266  70  57  54  70  76  48  48 245  79  57  60  57  42  73  45  51  45  61  48 242  42  36  55  42 232  42  48  42 239  61  42 229  61  42  42  61  45  36 251 248  36 
 85  58  39 260  39  36  45  45 214  42  58  55  42  61  64  36 242  48  39  42  70  51  76  70  60  51 244  67  57  42  39 236  64  42  42  67  70 229  45  42  45 269  45  45  42  82  45  42  70 260  54  51  51  48  73  67  67  67  67  51 254  61  51  45 
 51  58  36  51 233 226  61  61  36 232  39  58  39  64  39  36  61  45  42  70  97  57 254  67  72  75  48  70  51 269  73  51  67 245  45  51  64  42  42  61  54  67  42  51  42  42 257  45  64  82  42 272  42 220  67  45  42  51  67  45  55  54  48  58 
 94 233  39  55  39  51  42  42  39  39 214 230  55  61  39 214  55 220  58  61  45  45  61  42  48 266  79  61  42  61  51  61  42  42  45  51  42  42 345  73  61  48  42  51  51  45  48  45  73  69  48  67  60  48  76  82 254  48  76  67  42  70  48  42 
 63  39  55  36 214 233  42  45  55  45  48  64  42  36  67  36  73  66  48 100 238  82  57  69 284 269  72  73  76 281  67 124  48 287  57  42 236  61  54  45  45  70  45  45  61  42 266  57 217 257  64  64  45  67  64  42  64  61 254  70  70  36 269  36 
 76  39  58  58  39  36  42  42  48  54  67  58 208  42  39  39  67  36  70 242  67  61 239  64  73  67 269 245  69  64  94  48  67  51  45  42  64  45  42  64  64  51 263  42  61  42  64  51  79  69  48 245  73  48  67  54  48  48  48  79  76 217 257  48 
 60  39  58 257  36  58  64  70  58  42  39  39  36 251  39  70  45 254  42  67  51  73  85  73  91  94  51  57  79 320  48  54 341  72 263  42  70 260  42  54 236  48  42 239 236  48  61  64  64  51  42  61  61  64  42  45 266  45  45  61 245  58  70 245 
 54 217  42  61 251  42  79  67  73  54  64  42  45  67  42 223  45  61  64  42 245  42  61  42  51  51  42  42  64  64  70  61  48  57  70  51 242  45  61  61 266  51  51  67  42 260  67  48  54  54  61  42  45  42  51  48  42  42  61  42  39 230 233  55 
 79 236  58 232  48  58  64  42  48  76  48  36  39  54 233  55  36  55  48 251  45  70 244  42  48  67 260  58  64  55  76  42  45  64  64  48 257  51  64  61  42  51 260  42  61  42  45  48  79  69  67  48  51 248  67  48  48  48  67  76  54 326 251  45 
 97  76  51  54  51  73  73  54  51  79  54  70  73  51  54  51  48  70  57  54  63  76  76  73  76  73  76  54  54  60  60  76  67  79  51  54  60  79  82  54  51  60  79  70  73  70  51  76  73  79  54  54  57  54  76  73  57  57  54  57  51  51  76  54 
 82  51  70  51  51  70  76  76  70  51  51  51  51  51  51  51  51  70  70  51  76  70  51  51  70  51  70  70  51  51  51  51  51  51  70  51  70  51  57  54  57  63  51  70  70  70  70  70  51  76  70  51  51  70  70  51  51  51  70  70  70  51  70  70 
 69  70  67  51  60  51  76  57  70  54  51  51  51  51  51  67  51  70  51  51  76  70  60  54  70  70  73  70  51  57  51  51  51  70  70  51  70  51  54  73  51  76  76  76  70  51  70  73  54  57  70  70  73  70  54  51  48  54  70  48  70  51  73  54 
 63  51  51  51  70  70  57  57  51  70  51  51  51  51  51  70  70  51  51  70  57  70  51  70  70  70  51  51  70  51  70  51  51  70  70  70  51  70  70  51  51  57  70  70  57  57  70  51  51  57  70  70  70  51  51  51  51  70  51  70  51  51  51  70 
 88  54  51  51  79  67  76  60  51  57  48  70  48  73  70  54  70  51  51  67  57  48  76  70  51  51  70  51  70  70  70  70  51  51  51  70  70  70  70  51  70  79  73  51  51  54  76  66  70  57  51  51  51  48  51  51  73  54  51  70  54  70  51  70 
 82  70  51  70  70  51  57  79  51  70  70  70  70  70  70  51  70  51  70  70  57  51  70  70  51  51  51  51  51  70  70  70  70  51  51  70  51  51  70  70  70  76  70  51  51  51  51  54  76  79  57  51  51  51  51  70  70  70  51  51  51  70  51  51 
 69  70  51  70  79  60  60  79  70  70  73  51  73  70  73  51  60  70  70  48  57  73  60  51  51  54  51  51  48  57  51  67  70  51  48  51  51  54  51  54  51  79  51  73  70  70  51  54  51  82  79  76  76  73  60  70  54  70  67  51  51  51  70  51 
 63  51  51  51  51  70  76  57  70  51  51  51  51  51  51  70  51  51  51  70  57  70  51  51  70  70  51  51  70  48  70  51  51  70  70  51  70  70  70  51  51  54  70  70  51  51  70  70  51  57  70  70  76  76  57  51  51  70  51  70  51  51  70  70 
 82  51  70  51  79  73  79  57  51  48  54  70  54  51  51  51  70  51  54  70  51  57  85  73  70  70  73  51  67  70  70  51  51  70  70  70  70  70  51  51  67  79  70  51  51  51  73  54  67  57  51  51  51  60  79  57  48  51  51  70  51  51  54  70 
 82  70  51  70  70  51  60  76  51  70  70  70  70  70  70  51  70  51  70  70  51  57  70  70  51  51  51  51  51  70  51  70  70  51  51  70  51  51  70  70  70  76  51  51  51  51  51  51  70  76  51  51  51  51  51  76  76  70  51  51  51  70  51  51 
 69  70  51  76  79  60  60  79  70  67  73  51  73  70  70  54  51  70  70  48  51  60  57  51  51  51  48  51  48  51  51  70  70  51  51  51  51  51  51  51  51  60  54  70  70  73  51  54  54  76  70  51  51  67  70  70  73  79  76  51  51  70  70  51 
 82  70  70  51  51  70  76  76  70  51  51  51  51  51  51  70  51  70  70  51  70  76  51  51  70  51  70  70  51  70  51  51  51  51  51  51  70  51  48  51  51  57  51  70  70  70  70  70  51  76  70  51  51  70  70  51  51  51  70  70  76  57  70  51 
103  73  70  70  60  54  57  76  70  51  70  54  48  54  51  70  51  70  51  54  70  79  70  70  67  73  67  70  51  70  48  51  51  67  70  51  70  51  51  70  70  76  70  51  70  51  70  70  51  79  51  70  51  51  79  51  51  51  51  54  76  57  79  51 
103  70  51  70  51  51  57  76  51  70  70  51  70  70  70  51  51  70  70  51  70  57  70  51  51  51  51  70  57  70  51  70  70  51  51  51  51  51  51  70  70  57  51  70  70  70  51  70  70  76  51  51  51  70  70  70  70  51  70  51  51  70  51  57 
 69  76  76  51  66  57  79  57  48  54  70  70  51  51  51  70  54  51  51  70  73  76  60  70  70  73  70  70  51  51  70  51  51  73  67  73  70  51  54  73  67  79  70  51  54  51  70  70  51  60  51  70  73  51  54  54  51  54  51  48  70  51  70  70 
 63  51  57  57  73  70  57  57  51  70  51  70  51  51  51  70  70  51  51  70  51  76  51  70  51  70  51  51  70  51  70  51  51  70  70  70  51  70  70  51  70  76  70  70  51  51  51  51  70  60  51  70  70  51  51  51  51  70  51  70  51  51  51  70 
 85  54  51  51  79  76  63  82  51  70  48  51  67  73  70  51  70  48  73  51  51  57  88  48  54  51  54  51  70  51  67  70  70  51  54  51  51  70  70  57  51  60  51  70  51  70  51  51  67  79  73  54  51  70  73  70  70  79  70  51  54  70  60  51 
 82  70  70  51  51  51  79  79  76  51  70  51  51  51  70  51  51  70  70  51  70  60  54  51  51  51  70  70  51  70  51  70  51  51  51  51  51  51  51  70  51  57  51  70  70  70  51  70  51  79  70  51  51  70  70  70  51  51  70  51  70  70  70  51 
 85  70  70  70  57  51  57  57  70  60  79  57  51  51  51  70  54  70  54  51  67  79  69  67  70  70  70  73  51  51  51  51  48  70  73  51  70  54  51  70  70  79  70  51  70  51  70  70  54  79  54  73  70  51  54  54  51  51  70  51  73  51  73  51 
 63  51  51  51  70  70  57  57  51  70  57  76  76  76  51  51  70  51  51  70  51  76  73  70  51  70  51  51  70  51  70  51  51  70  70  70  51  70  70  51  70  76  70  51  51  51  51  51  70  54  51  70  70  51  51  51  51  70  51  70  51  51  51  70 
 85  51  51  51  79  70  76  79  54  54  54  51  79  76  76  60  70  54  70  51  51  60  60  51  51  48  51  51  73  51  70  70  51  51  51  73  67  70  70  54  54  60  51  67  48  70  54  54  73  60  73  51  54  70  70  51  70  70  51  70  51  70  51  70 
 82  70  70  51  51  51  76  76  70  51  70  51  51  51  70  57  57  76  70  51  70  76  57  51  51  51  70  70  51  70  51  70  51  51  51  51  51  51  51  70  51  57  51  70  70  70  51  70  51  76  70  51  51  70  70  70  51  51  70  51  70  70  70  51 
 85  70  70  51  60  51  76  57  57  48  73  73  54  51  51  70  51  79  57  57  70  76  88  70  70  70  70  70  48  70  51  51  51  73  51  48  51  51  51  73  73  79  70  48  70  51  70  73  54  76  54  70  73  51  51  51  54  51  51  51  70  54  70  51 
 82  51  51  70  70  51  51  57  51  70  51  70  70  70  51  51  70  51  51  76  57  57  79  70  51  51  51  51  70  51  70  51  70  51  51  70  51  51  70  70  70  76  70  51  51  51  51  51  70  60  51  51  70  51  51  51  70  70  51  51  51  70  51  51 
 85  54  51  51  79  73  57  76  51  73  51  70  67  73  70  54  70  51  70  73  60  57  73  63  48  54  48  51  70  70  67  70  70  51  51  70  51  70  70  51  54  60  54  48  51  70  51  51  70  79  51  48  54  48  70  70  70  70  48  51  54  70  51  51 
 82  70  51  70  51  51  57  76  51  51  70  51  70  70  70  51  70  51  70  51  70  57  70  57  57  57  70  70  51  70  51  70  70  51  51  51  51  51  51  70  51  76  51  51  51  70  51  51  70  76  51  51  51  70  70  70  70  51  70  51  51  70  51  51 
 63  70  70  73  60  48  57  79  70  48  73  51  54  51  51  73  51  70  51  48  70  76  51  60  51  79  57  70  48  51  51  51  70  70  51  51  51  51  51  70  48  60  54  70  70  54  51  73  51  76  70  70  73  67  54  70  54  60  70  51  70  54  70  51 
 63  51  51  51  51  70  76  57  70  51  51  51  51  51  51  70  51  51  51  70  51  76  51  76  70  70  76  57  76  57  70  51  51  70  70  51  70  70  51  51  51  57  70  70  51  51  70  70  51  57  70  70  70  51  51  51  51  51  51  70  70  51  70  70 
 85  51  70  51  79  70  79  60  51  54  54  67  54  51  51  51  70  48  51  70  51  57  76  76  73  73  73  51  76  70  79  57  51  70  70  70  67  70  51  51  70  79  70  54  51  73  70  51  70  60  51  54  51  54  73  51  51  51  51  70  70  54  51  70 
