 42  36  61  42  61  58  42  61  42  42  45  42  45  61  61  42  42  42  61  42  55  36  39  55  58  58  57  55  39  39  36  39  36  36  36  42  36  61  55  72  58  61  61  42  36  36  58  58  42  42  42  42  42  61  67  48  48  42  42  42  61  61  42  42 
 36  55  36  36  36  58  36  36  55  55  36  36  39  55  36  36  45  61  42  61  76  45  42  73  45  57  42  42  57  64  42  64  51 103 103 103  73  88  61  64  64 103 103  60  61  64  72  42  73  63  36  36  42  42  61  79  42  42  42  36  58  55  36  55 
 55  42  61  42  61  42  61  42  42  45  61  61  42  61  42  64  85  67  42  42  48  48  67  42  67  67  67  55  70  58  39  42  51  42  61  48  48  48  42  42  42  48  67  54  42  45  67  69  48  42  42  61  61  67  45  51  61  36  42  61  42  58  42  36 
 42  61  45  42  42  42  42  42  70  64  42  42  42  42  42  42  67  51 103  42  61  42  42  42  67  61  48  42  51  42  67  64  67  48  42  42  61  42  36  64  42  42  64  42  55  61  39  61  48  45  45  42  61  42  61  42  45  58  36  45  61  39  42  55 
 55  42  42  61  45  42  64  61  60  42  61  61  42  42  61  42  94  54  48  67  48  48  67  42  76  51  70  61  63  61  79  42  54  94  36  61  48  51  55  45  42  42  42  64  36  42  45  61  61  48  64  42  48  67  42  61  42  39  64  64  45  36  42  64 
 39  61  42  42  61  61  42  61  55  45  42  36  39  36  36  36  97  42  66  66  67  48  51  73  67  67  48  84  67 103  84  48  48 103 103  42  42  61  55  64  61  64  42  61  55  42  42  39  36  42  61  42  42  39  48  45  45  39  61  45  61  39  42  42 
 36  64  45  45  61  42  61  61  67  64  45  42  42  61  61  42  73  54  48  48  57  42  42  67  61  54  67  42  73  42  42  67  70  42  36  64  42  42  39  42  64  61  42  48  58  64  42  55  64  42  42  42  42  42  67  45  48  55  61  61  42  36  42  42 
 42  64  42  42  45  45  61  42  70  61  42  61  42  45  42  61  61  42  48  51  45  48  67  42  67  67  61  42  42  45  67  45  64  48  45  42  61  42  36  45  42  42  64  51  55  42  42  55  42  36  45  61  55  42  73  42  61  55  42  61  45  39  42  61 
 39  42  48  67  48  67  48  67  70  51  51  42  61  42  45  42  67  48  54  54  67  42  45  73  67  73  48  42  42  61  79  42  42  94  36  67  64  67  39  42  67  42  51  67  55  42  45  55  61  42  61  42  48  64  42  48  42  36  61  42  61  39  45  67 
 39  61  42  61  42  61  42  61  48  45  42  36  45  42  61  42  36  48  42  45  42  42  42  64  61  76  57  45  42  42  61  42  66 103  66  73  79  67  61  45  61  84  51  79  64  42  42  64  61  42  64  42  36  61  54  42  42  39  61  45  42  39  45  70 
 42  64  42  42  61  42  42  61  67  61  42  42  42  61  61  64  42  54  51  70  61  42  42  42  61  45  42  39  36  36  48  61  67  36  48  61  79  42  42  42  36  42  42  54  58  55  48  55  67  42  42  64  64  42  67  48  48  61  61  45  64  42  42  73 
 64  61  42  45  42  42  42  61  61  61  42  42  42  42  45  61  61  42  51  51  61  45  45  42  76  73  54  42  42  61  61  42  85  48  54  42  45  45  39  64  36  48  61  42  58  36  36  58  36  42  42  61  55  45  48  42  42  55  61  42  61  36  45  45 
 36  42  61  61  42  42  61  42  42  42  61  42  73  48  48  51  61  42  48  48  42  42  42  42  67  88  88  58  36  58  67  42  63  94  63  73  51  48  42  45  42  60  48  73  42  42  82  42  76  61  61  45  42  61  51  61  45  36  64  64  45  36  42  42 
 36  45  61  42  64  45  61  42  36  61  42  36  42  61  61  42  36  39  48  67  45  61  42  61  48  42  61  42  61  45  48  61  85  64  67  61  48  42  36  45  64  61  42  64  36  64  61  36  73  45  42  42  42  45  91  54  57  61  42  61  45  51  42  42 
 42  64  48  48  48  67  48  48  67  70  48  48  48  67  48  48  48  67  54  54  67  42  45  61  57  58  36  36  36  36  66  61  82  48  67  42  61  67  36  64  61  67  70  42  36  61  45  36  42  45  42  42  63  57  64  66  88  39  67  42  61  79  42  61 
 36  64  42  61  45  42  42  61  36  42  61  55  36  36  36  39  64  61  79  60  84 103  84  84  51  85  79  67  84 103  67  60  42 103  42  61  45  64  58  45  61  67  42  45  36  36  36  36  61  61  64  42  42  42  61  42  85  36  55  42  42  39  45  61 
 61  42  67  45  48  67  48  48  67  48  48  48  70  54  48  67  48  67  42  61  58  39  55  36  36  36  36  36  36  36  36  36  39  39  55  61  36  61  55  58  36  42  42  61  42  36  36  36  36  58  36  39  39  39  42  61  42  36  55  36  58  36  55  36 
 48  61  42  45  42  42  61  42  42  61  42  61  45  42  42  42  64  61 103  42  42  61  61  45  45  51  61  45  42  45  70  42  64  51  42  42  61  45  39  39  55  61  42  64  55  36  36  36  36  36  58  36  36  55  42  45  61  55  39  36  36  55  55  55 
 67  42  61  64  61  61  42  42  42  48  61  61  42  42  42  42  48  67  48  67  45  61  61  42  42  60  42  61  42  61  60  45  42  94  61  42  42  61  55  45  79  42  42  42  39  39  61  36  61  42  61  42  61  61  54  45  42  36  45  45  45  36  61  36 
 42  42  61  64  55  55  36  39  36  42  42  36  45  61  45  61  36  55  61  61  42  64  42  42  42  42  48  42  61  61  45  64 103  84 103  97  78  97  61  45  45 103  97  78  42  64  61  42  42  42  42  61  42  42  42  45  42  36  42  42  64  55  61  36 
 42  42  42  45  61  42  61  45  42  48  61  45  63  79  79  63  42  61  42  61  51  64  42  61  36  48  79  36  58  36  48  61  36  55  55  64  45  42  36  45  61  61  42  45  48  36  61  36  61  61  42  45  42  42  67  48  48  42  42  61  42  42  61  42 
 36  42  64  42  61  42  64  42  67  36  61  51  42  61  42  45  39  55  51  67  57  61  42  61  45  45  64  42  64  42  42  42 103  85 103  97  97  97  64  63  61  84  97  97  61  42  70  42  82  45  42  45  42  42  67  42  42  36  42  42  42  55  61  36 
 36  42  67  67  64  42  61  42  42  42  67  42  48  48  48  67  42  61  79  79  54  73  54  54  36  48  55  55  55  36  48  42  42  66  61  48  42  48  42  45  76  67  67  48  48  61  61  42  45  64  42  42  42  45  67  48  70  36  45  45  45  55  61  45 
 36  42  61  61  42  61  42  42  42  45  61  42  61  42  42  42  51  67  61  42  42  61  42  61  51  45  42  61  45  64  45  42  42  64  61  42  42  61  61  45  76  42  42  64  36  39  61  42  45  61  61  42  42  64  72  76  73  45  45  45  42  61  61  42 
 42  45  67  67  67  48  67  48  54  48  67  54  54  73  73  54  42  67  51  67  42  64  42  64  51  48  85  55  55  36  51  39  36  55  55  42  42  42  36  42  61  42  42  61  36  42  64  36  61  42  64  42  42  61  48  42  42  36  42  42  42  36  64  42 
 36  61  36  55  36  58  55  39  64  36  36  61  36  55  55  36  45  42  48  67  51 103 103 103  97  84  48 103 103 115 103 103  85  42  48  42  61  42  36  42  60  45  64  42  58  42  42  55  42  42  42  61  61  42  42  42  42  36  42  61  45  55  42  64 
 42  64  45  42  61  42  45  42  42  61  42  45  42  61  61  45  54  54  48  67  67  61  42  61  39  36  42  39  55  36  36  61  67  55  57  67  57  57  42  82  36  61  51  51  36  55  42  55  61  42  42  45  42  42  73  54  54  61  42  64  45  42  64  48 
 61  42  45  64  42  61  42  42  42  42  61  61  61  42  42  42  61  64  67  48  42  42  61  45  42  70  48  42  45  64  67  42  69  51  42  42  42  61  36  45  36  48  61  64  36  36  45  36  42  64  64  42  42  61  60  73  73  42  45  42  45  61  42  42 
 42  42  61  42  42  61  42  42  42  42  61  61  61  42  42  61  61  61  67  67  36  42  42  42  36  79  42  55  36  39  79  45  42  75  39  42  42  61  55  64  48  79  61  42  42  39  67  45  42  61  42  67  67  48  73  67  67  42  48  48  48  61  67  48 
 42  61  42  42  42  42  45  42  39  61  45  36  45  42  42  42  58  36  61  42  61  42  42  42  45  64  57  45  42  45  64  45  61  42  42  42  61  42  36  64  58  61  61  64  55  39  42  55  42  42  61  42  42  61  48  57  73  61  45  42  61  67  42  67 
 42  45  48  48  48  48  48  67  67  67  48  48  67  67  82  48  67  48  42  42  61  42  42  61  55  48  42  39  36  36  70  61  36  51  36  61  67  42  36  64  42  51  45  42  55  55  45  55  61  42  42  39  61  45  61  66  66  58  55  39  39  45  36  61 
 42  42  55  39  55  55  36  55  36  36  55  39  36  58  61  39  36  36  42  45  42  42  42  42  61  42  54  61  61  42  42  61  42  42  64  61  45  64  39  42  42  70  45  42  36  55  61  36  82  42  42  64  42  48  97  66  66  42  61  42  42  45  42  45 
 36  36  61  61  61  61  42  61  42  42  61  61  42  58  61  42  48  48  67  48  42  42  61  42  61  61  42  61  61  42  42  42  42  42  42  42  36  61  42  55  58  61  61  61  61  36  39  64  36  36  55  42  39  55  42  42  42  36  36  36  36  39  42  36 
 67  64  42  42  45  42  61  42  61  64  42  64  42  45  42  64  61  42 103  45  42  64  61  42  42  67  61  42  42  42  67  42  67  48  45  42  42  42  36  39  36  42  42  61  55  36  36  36  36  36  55  39  36  36  45  42  61  58  36  58  36  55  64  36 
 48  42  42  42  42  39  42  42  42  61  42  42  42  42  42  61  61  39  42  42  55  48  42  48  36  79  36  39  36  36  79  64  61  75  42  48  67  48  42  45  54  67  67  48  42  61  45  61  42  42  45  61  45  42  73  61  64  55  42  42  61  55  61  61 
 42  51  63  82  45  64  42  61  67  42  42  51  61  85  82  85  42  42  42  64  64  42  42  61  42  42  48  42  42  42  61  61  45  42  45  61  61  61  61  45  61  61  64  42  61  61  42  61  42  42  42  45  42  42  64  42  42  36  61  42  64  39  42  61 
 36  42  61  61  45  61  45  42  60  42  61  79  82  60  63  82  61  42  61  42  36  61  42  42  39  48  57  55  39  39  51  42  42  48  42  48  42  67  61  45  42  48  48  48  42  61  64  45  42  61  42  64  61  42  64  61  61  39  42  42  42  58  64  45 
 58  45  42  42  45  45  42  42  55  42  42  55  42  45  42  61  55  36  51  51  64  45  64  42  61  61  42  42  42  61  61  42  45  48  45  42  61  42  42  64  42  42  61  42  61  42  42  61  42  42  42  61  42  45  48  54  73  42  61  42  64  48  45  67 
 42  64  51  48  42  42  42  61  48  67  48  48  67  67  48  48  61  42  60  60  55  36  54  55  55  70  36  36  36  55  67  42  55  61  39  67  61  48  36  67  70  42  48  70  55  45  42  58  64  42  61  42  42  67  48  54  54  61  61  42  42  60  42  67 
 42  61  42  42  61  45  61  42  67  61  42  67  42  61  64  64  48  67  45  61  45  45  42  42  48  42  61  42  64  61  42  42  64  48  61  42  42  42  36  45  61  42  61  61  39  58  42  39  63  63  63  63  85  63  72  66  91  61  48  67  51  61  70  42 
 39  42  42  61  67  48  67  51  48  42  61  67  48  67  67  67  48  48  48  67  42  64  64  42  48  48  67  42  61  61  63  42  42  94  58  61  45  42  39  42  63  42  42  42  36  42  42  39  61  42  42  61  61  42  48  42  42  36  42  61  42  48  61  36 
 39  61  36  36  42  42  64  61  48  55  39  48  39  55  55  36  45  42  48  48  42  61  45  61  64  60  73  45  42  42  60  61  67  64  48  61  42  42  36  45  61  61  42  42  55  61  42  55  61  42  42  42  45  45  79  69  66  61  45  42  42  42  42  61 
 61  61  42  42  61  42  61  42  48  61  42  51  48  64  64  45  57  54  67  67  36  61  42  61  42  42  85  36  55  55  42  42  67  55  57  61  36  42  42  76  48  42  45  64  58  36  42  55  67  51  67  51  48  67  54  48  48  61  48  67  48  42  70  51 
 42  42  42  61  61  42  64  42  42  42  64  45  45  61  61  45  45  42  48  67  42  64  42  61  57  54  76  45  61  42  57  42  42  67  61  61  42  42  36  45  67  70  42  42  42  36  61  36  61  42  42  45  42  42  61  45  42  36  42  61  42  36  64  48 
 36  45  45  42  42  42  42  64  61  64  45  42  61  61  64  42  42  42  48  48  55  45  45  61  70  88  36  36  36  36  88  42  42  94  42  67  67  48  64  42  64  79  48  48  48  61  54  64  61  48  42  36  36  39  61  64  42  55  55  36  55  36  36  67 
 36  42  42  64  42  61  42  61  36  42  42  55  61  64  42  42  61  42 103 103 103  67  67  48  67  84 103 103  84 103 103  48 103  42  45  42  42  42  61  42  61  61  42  61  39  36  36  55  64  36  55  39  36  58  45  42  45  36  39  36  58  36  36  70 
 36  45  45  42  42  45  42  45  61  64  45  61  61  42  42  61  61  61  42  42  55  45  45  42  76  55  36  36  36  39  55  42  42  51  42  54  67  48  45  70  42  48  73  54  61  42  42  42  42  42  42  64  55  60  73  76  73  55  42  42  61  36  42  67 
 55  42  61  42  61  42  45  45  36  61  45  55  42  42  42  42  55  55  42  45  61  42  61  45  42  67  45  61  61  64  48  42 103  51 103  57  57  48  42  61  42  48  67  76  45  42  67  45  45  61  64  42  55  42  48  42  85  55  42  42  61  36  42  45 
 42  36  61  42  61  61  42  42  42  42  61  42  42  61  42  42  42  42  61  42  36  39  36  58  55  55  36  58  36  36  36  36  36  36  36  42  48  61  55  58  55  61  61  42  36  42  61  55  42  39  42  42  42  61  67  48  67  42  42  42  48  61  42  42 
 67  55  39  36  36  36  55  36  55  64  36  58  36  36  36  39  55  39  42  42  42  42  61  42  42  67  67  42  64  61  48  42  61  48  42  54  54  42  36  39  36  42  64  42  55  42  45  55  42  45  61  45  61  42  63  60  82  45  61  64  42  51  42  61 
 48  42  67  67  67  45  67  48  48  48  67  48  48  48  67  67  48  64  61  61  45  42  42  42  36  60  79  55  55  36  60  61  36  75  55  48  42  42  36  42  79  61  64  45  36  64  61  36  42  61  42  61  42  42  73  54  54  36  42  42  42  79  67  36 
 45  42  55  36  36  36  36  55  55  64  36  55  55  36  39  36  42  61 103 103  67  67  67  63 103 108  84 121  48  48 103  48 103  45  42  42  42  42  55  64  42  42  42  42  36  42  61  39  42  61  42  61  64  42  42  67  45  58  45  45  61  55  42  39 
 64  42  48  48  48  67  48  48  48  73  48  67  67  48  48  48  67  45  61  42  67  45  64  36  36  55  36  36  39  55  58  42  36  48  36  45  64  42  36  61  36  42  61  61  55  36  45  36  42  42  61  42  42  61  54  54  73  36  42  42  61  61  42  55 
 48  42  36  36  36  39  55  55  48  58  36  67  55  36  39  55  67  67  85  85  94  67  48  54 103  66  84 103  48  84  85  48 103 103  42  61  76  42  36  64  36  45  42  42  36  55  36  39  61  61  42  64  61  45  61  79  57  55  45  45  61  36  42  39 
 70  42  61  61  64  42  64  45  42  42  61  42  45  61  61  42  60  79  67  67  42  67  51  61  42  54  61  42  76  61  57  42  42  61  39  45  42  51  36  42  76  42  48  48  36  42  45  39  45  42  61  42  64  64  48  48  48  36  42  64  45  36  61  39 
 48  42  42  42  42  61  42  42  42  45  42  42  61  42  42  42  42  55  67  70  61  61  42  61  48  57  42  42  42  42  42  42  42  70  64  42  45  61  58  64  61  61  42  64  39  42  61  36  42  61  61  42  42  61  42  61  42  39  42  42  61  39  61  45 
 70  61  42  42  64  42  61  64  48  64  45  48  45  42  45  42  70  48  54  54  48  54  76  61  67  73  67  42  61  61  61  42  61  94  42  67  48  42  39  45  36  42  42  61  55  42  45  55  61  42  61  42  42  64  42  42  42  39  61  61  42  39  42  39 
 42  61  42  45  61  42  61  42  42  42  61  42  45  61  64  61  48  48  67 103  60  48  48  70  66  67  67 103 103  84  66  67  66  84  67  42  67  45  39  45  36  42  64  42  55  55  42  39  42  42  45  42  45  42  67  45  61  55  42  61  42  58  45  36 
 51  42  61  64  42  61  42  42  42  42  61  42  61  45  45  42  85  63  48  61  45  61  45  61  79  42  85  55  36  36  85  67  48  55  57  61  60  61  61  60  55  61  45  42  39  61  61  36  61  64  42  42  45  45  67  67  63  42  42  42  42  42  76  42 
 48  42  61  42  42  42  61  42  42  45  61  45  45  61  64  45  48  48  48  61  48  61  42  73  60  54  73  61  42  61  45  42  66  67  61  42  42  42  36  45  55  42  45  61  36  42  61  36  61  42  61  45  42  61  57  45  45  39  42  64  42  39  61  42 
 67  64  51  67  48  67  48  67  42  48  48  42  48  48  67  48  73  54  48  67  42  67  67  42  70  60  88  42  42  61  61  48  63  94  39  61  67  61  55  42  42  42  42  64  61  42  48  64  55  42  64  42  42  61  42  48  48  36  45  42  61  36  42  55 
 42  42  42  61  42  61  42  42  45  45  61  42  61  42  42  42  45  61  48  61  42  61  42  61  45  51  60  42  45  45  51  64  63  61  61  61  42  61  55  45  64  61  42  45  36  64  61  36  55  61  42  42  42  42  73  64  42  39  45  45  42  36  61  36 
 39  61  42  42  42  39  42  42  42  61  42  42  42  42  42  42  67  48  60  48  73  48  48  64  64  79  51  42  42  42  79  64  73  67  39  48  64  45  39  64  61  61  48  48  39  42  42  58  64  42  42  42  39  57  61  76  73  36  64  42  61  36  42  55 
 42  42  45  42  42  42  42  42  45  64  42  42  42  42  42  42  61  58  73  42  67  61  42  61  42  42  57  42  45  45  61  45  42  67  42  42  61  42  36  64  61  61  45  64  36  42  45  36  42  64  64  42  36  61  54  67  64  58  42  45  61  39  61  55 
 42  55  42  61  61  61  42  42  42  42  61  42  45  42  42  42  61  42  61  36  36  55  36  55  58  36  36  55  58  36  36  36  36  55  36  42  36  42  36  36  36  42  42  42  61  55  39  58  42  42  42  61  61  42  67  48  67  42  42  42  42  61  45  42 
 36  36  58  36  55  61  39  36  39  55  36  36  36  58  36  36  36  39  61  61  61  42  42  64  42  48  51  42  45  61  48  42 103  85 103  67  84 103  64  61  61 103  84  82  42  42  42  42  42  42  39  36  36  55  61  45  45  36  55  36  55  39  36  36 
 39  61  42  45  45  42  61  61  61  61  42  42  45  64  61  42  42  42  42  42  45  45  45  42  55  79  79  36  58  36  60  61  61  88  42  67  42  48  42  45  73  67  48  73  67  61  48  61  61  45  42  42  42  45  73  42  42  36  61  61  42  36  42  39 
 36  42  61  64  61  55  36  36  36  36  61  36  45  61  64  61  42  42  54  84  48  48  48  51  84 103  73  84 103  84  48  67  84  45  61  70  42  64  39  45  61  42  42  42  42  61  55  39  64  42  45  42  64  42  61  45  64  42  61  61  42  36  42  36 
 42  61  48  48  67  48  67  67  67  67  67  48  48  67  67  67  48  54  48  42  42  42  42  42  36  36  88  36  55  36  48  61  58  36  36  51  45  45  39  61  45  42  61  45  61  58  42  55  45  45  42  61  61  42  42  42  42  55  61  61  42  36  42  36 
 42  42  64  42  42  61  42  42  42  45  42  51  61  42  42  45  42  70  48  67  42  61  42  61  42  48  42  61  45  42  48  42  42  67  61  61  42  61  55  64  61  64  45  61  36  36  58  36  61  64  42  45  42  61  67  61  45  39  42  45  42  39  61  36 
 55  61  42  42  42  42  45  61  42  61  42  64  42  61  61  45  42  57  48  79  42  76  67  48  36  36  58  36  36  55  85  48  61  94  42  67  61  48  42  51  48  48  48  57  61  42  48  61  70  48  42  42  61  61  48  48  51  58  64  42  42  36  42  55 
 39  42  61  42  61  42  45  42  36  61  45  42  42  64  42  61  39  36  67  42  61  42  63  79  64  64  45  42  67  42  54  61 103  84  84  48  51  48  42  61  61  84  67 103  45  42  61  84  42  42  42  42  42  45  73  42  61  36  45  42  61  55  42  39 
 55  42  61  42  67  42  61  42  42  42  61  67  42  42  42  42  42  82  67  67  48  61  67  48  36  51  85  58  67  55  66  57  42  42  61  54  54  54  42  45  51  48  54  48  42  45  61  42  42  61  42  61  61  42  42  42  42  36  42  61  42  55  61  36 
 42  42  64  61  42  61  42  42  42  45  61  45  61  61  61  45  42  51  42  67  42  42  42  42  42  42  54  61  45  42  42  61  42  42  67  67  48  67  55  39  36  64  51  42  36  61  58  36  55  39  42  45  42  42  73  61  45  39  42  45  42  39  42  36 
 36  61  48  48  67  48  48  48  42  70  51  42  48  67  70  51  42  82  42  67  73  61  42  61  36  51  69  36  36  36  45  42  61  61  76  48  42  48  45  54  61  67  48  67  61  42  48  61  42  42  61  45  42  42  61  45  42  36  42  61  42  36  61  42 
 42  42  61  61  64  42  61  61  64  42  61  42  42  64  61  61  42  48  42  67  54  42  42  42  42  45  67  61  61  45  54  64  42  48  64  61  45  45  39  39  39  42  42  45  36  64  36  36  61  42  42  61  61  42  67  42  42  36  64  61  42  36  42  42 
 36  42  61  61  45  58  42  42  61  42  42  42  61  42  42  61  61  73  42  48  45  42  42  42  36  70  42  58  36  36  88  61  42  75  42  54  51  73  61  64  57  67  67  48  42  61  73  42  54  61  42  61  42  45  67  61  64  36  42  42  42  55  42  45 
 36  61  36  36  42  36  36  58  55  39  36  36  39  55  58  36  36  42  42  42  67  42  42  42  61  61  48  45  61  64  69  61 103 103  67  51  48  67  61  70  45 103  67  54  61  64  48  42  51  42  42  61  42  45  73  45  42  58  61  45  61  36  42  42 
 42  42  67  67  48  67  48  67  67  48  48  67  67  48  67  67  67  48  42  42  48  45  45  42  55  67  42  55  36  36  82  42  39  36  57  42  45  64  58  42  42  42  67  48  39  36  42  55  42  42  42  61  61  42  45  76  54  36  61  42  61  36  45  48 
 45  42  61  61  64  42  61  61  42  42  61  45  42  64  61  42  42  42  84  64  42  45  42  64  42  42  76  61  61  42  42  42  42  67  70  61  45  45  39  39  67  61  42  48  36  55  61  36  36  42  45  42  42  42  61  42  42  36  61  61  42  36  45  54 
 36  55  42  61  61  42  61  42  42  42  61  42  42  42  42  42  61  42  61  42  42  61  36  55  55  39  36  36  58  36  36  36  42  61  42  48  48  48  45  42  61  67  48  48  61  61  45  64  42  42  42  42  39  36  61  42  61  36  36  55  36  55  36  39 
 42  36  36  42  36  36  39  36  36  55  39  39  58  36  36  39  36  39  42  61  61  61  42  61  42  48  51  45  42  42  67  61  42  67  61  61  61  42  36  36  36  61  45  42  36  55  39  36  42  64  42  45  42  42  82  79  63  61  42  42  61  51  61  45 
 61  42  42  42  45  42  42  42  42  61  42  61  64  42  45  42  42  61  61  61  55  67  64  42  39  60  60  36  39  36  61  42  36  94  36  45  64  42  36  64  57  42  42  45  36  42  42  36  42  61  67  64  61  64  73  73  54  61  42  42  61  61  61  64 
 36  36  42  42  42  42  58  36  55  36  64  39  76  39  36  45  42  42 103 103  84  48  48  67 103 103 103  70 103 103 103  67  79 103  45  45  42  42  42  64  55  61  61  42  45  42  36  61  39  42  42  45  42  42  64  61  61  58  36  55  36  61  55  58 
 58  42  42  67  42  67  42  45  42  54  42  48  61  42  42  48  67  67  67  48  42  70  61  45  42  42  42  42  42  61  61  42  54  61  39  42  61  61  61  42  48  42  42  61  45  36  42  45  42  61  67  42  45  61  48  67  67  36  42  45  45  55  61  61 
 36  45  61  42  64  42  45  42  58  42  64  48  42  58  55  60  42  48  66  73  84 103  67  70 103  66  85 103 103 103  48  67  60  97  45  42  64  61  36  64  42  45  61  61  36  36  42  36  42  42  64  42  42  61  54  42  45  58  42  42  42  55  61  42 
 61  42  42  48  42  61  42  42  61  42  42  48  64  45  42  48  61  76  48  48  55  39  85  79  36  58  66  36  39  36  67  85  85  63  36  48  61  67  58  48  42  42  67  51  39  42  42  36  48  51  67  70  67  48  48  73  73  42  67  42  67  42  48  61 
 42  42  64  64  42  61  42  45  42  42  61  48  61  42  61  63  45  42  57  67  42  45  42  61  45  42  42  61  51  45  45  61  48  61  61  61  42  64  58  45  61  61  42  64  36  42  61  36  61  42  39  42  42  42  54  61  42  36  61  42  42  36  42  36 
 55  42  67  61  51  61  42  42  42  42  67  67  70  42  42  42  42  82  61  48  42  64  64  42  36  51  36  36  45  55  36  60  48  42  61  48  42  67  61  70  48  48  48  67  42  42  42  42  48  61  61  36  42  39  45  61  61  36  48  45  45  55  61  39 
 42  67  64  63  61  82  63  63  42  85  42  45  42  82  82  45  42  70  61  79  61  61  42  61  42  42  48  42  64  42  48  42  73  61  67  42  42  42  36  45  55  64  45  61  55  36  45  36  42  39  61  39  36  55  73  42  64  39  42  64  36  58  36  36 
 42  64  42  64  61  42  61  42  42  42  42  42  42  61  61  48  42  82  42  70  45  61  45  61  36  48  79  55  55  39  60  61  73  55  76  61  42  42  42  45  76  61  42  61  58  42  42  36  67  42  42  42  42  42  48  48  48  42  48  64  45  42  61  42 
 42  42  36  42  36  42  45  61  55  61  39  39  39  42  45  64  55  48  42  45  61  42  42  42  61  42  45  45  42  45  61  67  61  48  42  42  61  42  36  36  45  42  45  45  58  64  42  58  61  42  42  61  61  42  67  97  97  61  61  42  61  51  42  61 
 55  61  42  48  45  48  51  67  42  67  42  61  45  70  67  42  42  54  61  67  61  61  61  42  36  48  48  36  39  55  48  48  70  94  61  67  42  48  42  70  45  48  48  67  61  42  66  42  76  42  61  42  42  64  48  42  45  58  45  61  42  42  42  64 
 45  42  42  61  45  61  42  42  42  42  61  42  61  45  42  42  42  61 103  70  42  61  45  61  42  42  51  42  42  61  42  42  63  64  64  61  64  64  58  42  61  42  42  61  36  36  61  36  55  55  61  42  42  64  72  61  42  36  42  42  42  45  61  42 
 36  61  42  42  42  42  42  61  61  61  42  42  42  42  42  61  67  48  48  60  67  42  42  42  61  70  73  42  61  42  67  67  73  48  42  48  48  42  36  67  45  42  67  48  55  64  48  55  42  42  42  61  61  36  42  42  45  58  64  45  64  36  42  36 
 36  42  61  36  42  39  55  36  55  58  42  36  61  36  58  61  42  42  84  60 103 103  48  48  84  48  48 103  79  84  48  67  61  51  61  42  42  42  36  58  42  45  61  42  39  55  55  39  36  42  42  64  61  39  61  61  64  55  42  64  42  58  61  39 
 36  36  61  42  42  42  42  61  61  42  42  61  61  61  61  61  48  48  48  67  61  42  61  42  42  42  42  61  42  42  42  42  42  42  58  61  42  61  64  58  36  61  61  61  42  36  55  42  39  36  39  36  39  39  45  61  42  36  55  36  55  39  36  36 
 42  55  36  58  36  55  55  36  39  36  36  55  36  55  36  36  58  36  42  42  42  42  61  42  64  70  42  42  61  61  51  45  61  48  42  42  45  45  39  39  39  45  61  61  55  39  36  55  42  42  61  42  79  61  60  63  79  42  64  61  42  67  42  48 
 36  42  42  42  45  42  42  42  61  42  45  42  64  45  42  42  67  64  48  48  61  42  42  61  42  79  42  42  42  42  79  64  42  94  36  42  67  42  58  61  79  61  42  64  36  58  42  36  42  45  42  42  42  42  73  73  73  55  64  42  61  60  45  58 
 45  42  61  61  42  55  39  36  55  36  64  55  64  42  45  61  55  55  45  42  42  45  45  42  42  61  51  64  42  42  61  42  42  42  42  42  42  61  55  42  61  61  61  61  39  36  42  58  63  82  63  63  45  66  73  91  91  42  48  48  48  61  51  42 
 55  64  45  42  42  42  61  42  61  64  45  61  42  61  61  61  42  42  42  42  42  42  61  42  55  67  61  36  55  55  48  42  61  48  42  48  48  48  45  42  45  48  67  48  64  42  42  61  42  42  42  61  61  45  42  51  61  36  42  61  42  39  45  36 
 42  45  61  61  45  64  42  42  42  42  61  51  61  45  42  45  42  67  85  70  45  64  42  42  42  42  42  61  42  42  42  42  45  67  64  61  42  61  61  45  61  42  42  61  42  36  61  42  61  61  61  45  36  61  57  61  42  36  42  42  45  36  64  36 
 36  45  45  45  42  42  42  61  61  61  42  42  61  42  42  42  61  60  48  60  70  54  57  73  55  55  42  39  36  39  67  61  61  48  42  54  64  54  42  61  61  67  73  73  42  42  42  61  67  67  73  45  48  45  45  67  48  36  61  42  61  39  45  55 
103  42  61  61  42  45  42  42  36  42  61  45  64  42  42  42  39  55  73  61  51  61  42  61  45  42  73  64  48  73  45  42  42  73  61  64  42  42  42  45  67  45  45  42  42  42  61  42  61  61  61  42  61  61  54  76  54  42  42  42  42  48  61  42 
 39  42  61  61  42  61  45  42  42  42  61  48  61  42  42  42  51  67  67  67  54  64  45  61  42  51  88  61  48  42  48  42  42  61  55  61  42  61  55  45  76  61  42  61  36  36  61  36  36  55  36  42  48  64  42  61  42  36  42  42  42  79  61  42 
 61  61  45  48  61  42  61  61  61  64  42  45  42  61  61  64  42  51  48  48  42  42  42  42  61  76  88  42  64  61  57  61  61  42  48  61  42  42  36  64  42  45  45  42  55  36  45  55  36  39  36  64  55  42  48  42  45  58  61  64  42  39  42  42 
 58  42  67  48  67  48  67  51  42  48  67  61  48  70  48  48  48  70  79  54  42  45  64  42  42  67  67  61  61  61  42  42  42  42  76  42  42  42  42  79  42  42  42  61  39  36  61  36  42  45  61  42  45  64  48  67  67  55  42  64  45  55  42  42 
 42  42  64  45  42  61  42  64  36  42  42  39  61  42  42  45  58  67  73  48  61  64  42  61  64  54  54  42  42  61  64  42  42  67  42  42  42  64  58  45  67  45  42  61  61  36  42  55  42  42  42  45  48  61  72  97  97  42  42  42  61  61 103  42 
 36  61  42  61  61  42  61  61  42  42  61  42  42  61  61  42  48  54  60  73  42  42  42  45  61  57  73  42  61  42  42  45  42  94  39  61  45  45  39  42  61  61  42  61  64  36  48  64  76  36  64  42  45  61  48  45  45  36  64  61  42  36  42  42 
 36  61  36  42  36  39  55  39  55  39  55  39  36  36  58  39  36  42  54  42  45  42  42  42  61  73  61  45  42  42  70  61  84 103  84  51 103  78  42  45  42 103  67  54  61  61  42  42  45  36  42  45  36  42  64  48  42  36  61  64  42  36  42  58 
 42  64  45  42  42  42  61  61  42  61  42  42  42  61  61  42  42  42  54  42  42  42  42  64  58  88  55  39  55  36  79  61  36  55  36  67  45  42  48  48  42  61  51  48  55  55  45  67  61  42  45  61  42  42  67  48  48  42  61  61  42  42  45  42 
 42  45  42  42  45  64  42  42  45  42  42  42  61  45  42  42  42  61  73  64  64  61  42  61  42  42  42  42  42  42  42  42  45  67  64  61  61  61  61  64  61  64  45  67  36  36  42  42  61  61  61  45  36  61  57  61  42  36  42  42  64  42  64  55 
 36  36  61  42  42  42  42  61  61  61  42  61  61  42  61  61  42  42  42  61  55  36  58  36  36  36  36  36  36  36  36  36  42  42  61  67  61  48  61  42  42  67  67  67  42  42  61  42  42  42  55  36  36  36  42  61  42  55  61  36  55  39  39  36 
 58  36  58  36  55  36  39  36  55  55  36  36  55  39  36  55  55  58  42  42  61  42  45  42  42  48  51  61  45  42  48  61 103  66 103  84  84 103  45  61  42 103 103  60  42  61  61  54  64  42  36  55  58  39  42  45  64  55  45  36  36  55  55  36 
 42  42  67  67  48  64  48  48  48  48  48  67  73  48  48  67  67  67  61  42  45  42  42  42  36  79  57  55  36  36  79  42  36  69  36  42  48  61  55  45  57  61  64  54  42  61  61  42  42  61  42  64  42  45  73  61  61  36  42  42  61  58  70  39 
 42  64  36  55  58  58  36  36  39  36  55  36  36  55  55  36  36  39  61  64  45  61  42  61  45  42  42  61  61  45  42  45  45  61  61  61  42  42  36  45  61  61  42  64  36  61  64  36  82  85  45  42  42  61  79  78  78  42  42  61  45  51  61  42 
 42  42  67  79  67  48  67  67  48  48  67  48  48  48  67  48  48  67  42  61  48  61  42  61  39  48  67  55  58  36  48  61  36  58  58  61  45  42  55  45  61  61  45  73  36  61  61  39  61  61  42  45  45  45  67  42  42  39  42  42  42  45  42  42 
 42  42  42  61  42  61  42  45  42  42  42  48  61  42  45  42  42  67  67  48  85  61  42  64  42  42  51  42  42  64  48  42  42  70  61  45  45  64  58  42  61  42  42  76  39  42  61  39  45  61  64  42  42  61  42  61  61  36  42  42  61  61  61  45 
 42  45  64  61  42  61  42  42  61  42  42  42  61  42  42  42  42  79  79  60  73  54  57  73  36  55  66  55  36  39  85  61  36  75  39  42  48  61  55  42  61  61  64  67  36  42  61  39  48  67  42  42  42  45  67  67  67  42  42  42  61  61  51  48 
 39  42  61  42  45  42  45  45  36  61  45  45  42  42  45  61  55  36  64  42  67  42  42  42  61  61  48  61  67  54  57  61 103  84  84  45  51  48  42  64  42 103  67  60  48  61  61  42  42  61  42  61  64  42  42  61  61  39  42  42  61  73  42  54 
 36  61  42  42  42  42  42  45  61  61  42  70  42  45  45  61  73  48  48  48  67  42  42  42  58  67  54  42  48  42  61  42  42  42  36  51  67  67  42  64  60  42  67  48  58  45  42  55  39  39  42  61  61  42  61  51  67  36  61  42  61  54  36  73 
 55  61  42  45  61  61  42  61  36  42  42  61  45  61  61  42  36  48  67  70  61  64  61  45  42  57  57  45  61  45  42  45 103 103  85  67  48  70  61  42  42 103  72  60  64  48  42  64  42  42  42  61  61  42  45  42  42  36  42  42  61  42  39  42 
 42  48  73  54  54  54  73  73  67  54  73  48  73  60  54  73  67  51  48  51  61  42  42  42  55  64  42  55  42  39  61  61  36  39  48  42  42  66  85  76  36  42  67  42  36  61  42  42  42  42  42  64  61  45  61  61  42  55  64  61  42  42  42  61 
 36  61  45  61  61  42  64  42  36  42  61  36  42  55  42  42  36  70  48  67  42  42  42  61  42  57  76  42  64  61  42  45 103  85  73  78  91  91  64  42  64  85 103  70  73  45  70  42  82  66  42  42  42  42  67  42  42  36  42  42  42  67  61  42 
 36  36  42  42  42  39  42  61  42  61  42  42  42  42  42  42  67  54  54  54  67  42  42  61  61  79  57  42  42  42  67  42  61  85  42  61  64  45  45  64  70  70  42  61  64  51  36  61  55  60  61  42  42  42  48  45  42  55  64  42  61  54  42  67 
 36  39  55  36  58  36  55  39  55  55  36  55  55  42  36  55  64  61  48  48 103  48  70  48 103  73 103  67  54  48  84  48 103  48  42  45  42  45  39  64  63  73  61  42  36  42  36  36  39  85  42  64  42  45  76  42  42  55  61  61  42  42  42  42 
 61  42  67  61  42  42  61  61  61  42  61  61  45  61  61  64  42  42  42  45  42  42  61  42  36  48  36  36  91  39  36  42  36  36  55  61  45  42  36  42  48  42  42  51  36  36  61  36  64  42  42  64  61  42  48  67  48  42  61  61  42  42  42  42 
 61  61  42  42  42  42  42  42  45  64  42  61  45  42  42  42  64  42  61  42  61  42  61  45  45  45  48  42  60  64  70  45  42  48  42  42  61  42  36  64  73  42  42  64  36  36  42  36  42  42  64  42  42  61  42  45  61  58  45  45  61  61  42  55 
 36  39  61  42  61  58  42  61  42  42  42  61  42  61  61  42  48  48  67  42  61  42  61  42  61  61  39  61  42  42  42  42  42  42  42  42  36  61  61  58  58  61  61  61  36  39  42  58  36  36  55  36  36  55  45  42  42  36  36  39  39  36  42  36 
 42  61  45  42  42  42  45  42  42  61  45  45  42  42  42  45  61  64  42  42  61  61  42  61  42  48  70  42  45  42  67  42  64  67  42  42  61  42  36  36  36  42  45  42  36  55  45  36  36  58  36  39  55  36  64  42  64  55  36  36  55  58  61  55 
 42  61  42  61  42  42  61  42  61  42  42  42  42  61  42  42  42  42  42  42  36  45  45  42  55  79  76  39  36  36  79  61  55  94  39  48  48  42  36  45  76  61  61  61  55  61  42  58  42  42  42  42  42  45  76  48  67  42  61  64  45  42  48  42 
 39  42  42  42  42  45  36  36  58  39  36  36  61  45  42  42  36  39  42  42  64  42  45  61  61  61  42  64  42  42  61  97 103 103  84  48  97  78  42  45  61  84  97  97  45  42  42  42  42  61  61  42  42  64  42  61  64  55  42  64  42  58  42  58 
 55  61  42  42  42  42  45  42  42  61  42  61  42  42  60  79  61  39  61  42  36  42  61  42  55  67  58  36  36  55  61  45  61  42  42  54  61  48  48  45  45  48  67  48  61  45  42  61  45  42  42  61  61  61  42  42  64  58  45  42  61  55  36  61 
 36  61  45  61  61  64  42  45  55  42  42  70  42  61  61  42  42  45  85  73  70  51  48  67 103 103 103  84  70 103  66  97  51  48  42  42  42  61  61  42  64  61  61  45  55  64  45  36  42  45  42  42  42  42  67  42  42  36  42  42  64  55  55  42 
 39  42  67  67  51  67  42  45  42  42  61  61  70  48  48  67  42  61  67  79  42  64  79  57  36  36  36  55  39  36  42  42  42  94  61  48  42  67  67  45  42  48  48  48  42  61  61  42  42  61  42  61  61  42  67  67  67  36  42  45  45  55  61  39 
 61  61  42  42  42  42  45  45  55  61  45  61  45  42  45  61  55  36  54  42  61  42  61  45  42  67  45  45  48  42  61  42  61  45  42  45  61  42  36  61  42  42  61  42  58  36  42  58  45  42  45  42  64  42  91  54  73  61  42  42  61  67  42  64 
 42  42  67  67  48  45  48  48  48  48  67  73  67  48  54  73  48  67  61  67  51  48  45  42  36  60  67  55  48  36  42  60  36  36  55  48  48  67  55  45  48  42  70  51  39  36  61  36  42  61  42  61  61  42  67  64  42  36  42  42  42  61  61  36 
 36  42  39  55  55  55  39  36  55  36  58  42  36  58  36  39  42  42 103  67  54  91  48  67 103  84  51  84  97 103  48  97  84  48  51  42  42  61  36  42  61  61  61  42  55  42  42  55  42  42  61  45  42  42  45  45  45  36  45  61  42  61  42  36 
 39  61  42  42  64  42  61  61  61  42  42  42  45  64  61  42  42  42  42  48  48  45  42  64  55  58  85  36  58  39  42  61  61  94  57  48  48  48  42  73  67  67  67  48  61  67  42  61  42  45  42  42  42  42  67  48  48  55  61  64  45  42  42  39 
 36  42  45  61  42  61  45  61  36  42  45  42  42  42  42  42  64  61 103  48 103  48  73  84 103  85  48 103  84  84  67  48 103  70  42  61  42  42  36  39  66  42  54  45  36  58  45  36  61  61  42  61  61  64  61  61  42  39  61  42  61  45  45  55 
 55  42  61  61  64  61  42  45  42  42  61  61  45  61  45  45  42  61  61  67  36  61  61  42  39  66  42  55  39  55  42  36  42  48  61  48  42  67  61  45  51  48  54  48  42  42  73  42  54  73  73  42  61  61  54  42  42  36  42  45  45  67  42  39 
 61  45  61  61  64  42  45  42  36  42  64  36  42  45  42  42  36  58  61  61  42  61  42  64  42  45  70  61  61  45  54  42  45  70  67  61  42  42  36  36  48  42  54  45  36  36  55  36  51  67 103  42  79  61  60  79  63  42  42  42  42  42  61  42 
 55  42  61  42  42  61  45  61  61  42  42  61  61  42  42  61  67  48  48  48  42  42  67  42  61  61  48  61  42  61  79  45  42  48  57  42  42  64  55  67  51  42  67  42  39  39  42  36  42  61  36  42  42  42  42  82  82  36  36  45  45  39  45  42 
 36  42  42  61  42  64  42  42  39  45  42  36  61  42  45  42  61  61  67 103 103  67  73  67 103  66  48 103  84 103  73  51 103  73  48  42  42  61  55  42  64  64  42  61  39  39  36  39  36  61  55  42  36  61  42  61  45  36  39  42  64  61  61  64 
 64  42  67  64  76  67  67  67  67  48  67  48  48  67  67  67  48  67  42  61  39  45  55  36  36  36  36  55  55  36  36  36  39  39  55  61  42  42  42  39  36  42  42  61  42  36  64  42  36  42  36  39  36  39  42  42  42  39  55  36  39  36  64  39 
 42  39  36  36  36  39  55  39  36  55  36  36  36  36  45  36  55  55  61  42  45  42  42  64  42  48  67  42  42  45  67  42  64  51  42  45  61  42  36  39  55  42  61  64  58  36  42  39  45  42  64  42  42  61  60  79  79  61  42  42  64  67  61  67 
 36  42  42  42  42  61  42  42  61  42  42  42  61  42  45  61  61  42  42  42  61  48  42  42  36  79  60  36  36  36  79  64  42  75  42  48  67  67  61  64  42  67  67  48  45  61  48  64  42  48  45  61  42  42  73  73  73  36  42  42  61  42  42  36 
 42  42  42  45  42  61  36  36  58  36  55  55  61  45  42  61  55  36  42  45  61  42  42  42  42  64  42  42  42  61  61  45  42  42  45  42  64  64  64  64  64  45  61  61  61  39  42  61  63  42  63  82  63  63  73  91  91  42  51  48  48  61  42  64 
 61  64  45  42  42  42  64  45  42  42  42  61  42  48  42  42  61  61  61  42  48  42  64  42  36  48  67  39  36  58  55  42  55  51  36  48  45  45  36  45  57  42  64  42  55  36  36  55  42  48  61  42  42  61  48  48  67  42  42  64  45  67  61  61 
 39  42  45  42  42  42  42  42  55  61  42  48  61  42  36  36  39  36  48  48  85  42  45  61  64  64  51  61  45  61  67  42 103 103  84 103 103  51  45  61  61 103  48  73  42  42  45  42  64  64  42  42  45  64  73  61  61  36  61  42  42  36  42  55 
 42  42  67  60  67  48  67  48  67  48  67  67  48  48  48  67  48  67  79  79  42  64  76  54  36  67  55  58  55  36  60  42  36  36  55  42  45  48  48  45  48  42  67  48  48  61  61  48  42  61  42  61  61  42  64  48  67  58  42  61  42  55  64  39 
 42  42  61  61  42  64  42  42  42  42  61  42  64  42  42  42  64  61  45  42  45  61  42  61  45  45  42  64  48  42  64  42  42  67  42  42  42  61  61  45  64  61  42  67  42  42  42  42  61  61  42  42  42  42  73  76  61  36  42  42  42  36  61  42 
 42  61  48  48  67  45  67  67  67  67  48  66  48  67  67  69  48  48  48  67  45  42  45  61  36  51  54  36  67  36  48  55  55  39  36  61  42  42  42  64  67  61  42  61  64  36  42  42  61  42  61  42  42  42  42  45  42  55  64  61  42  36  42  42 
 61  67  63  63  82  82  85  66  42  63  82  42  82  82  85  54  42  61  67  67  54  61  61  45  42  42  45  42  42  61  42  42  42  70  67  45  64  48  58  61  42  42  42  61  58  36  42  39  45  42  64  42  42  61  48  42  48  36  42  42  61  55  61  39 
 42  64  45  42  42  42  64  61  61  61  42  42  42  61  61  48  42  42  48  48  48  42  42  61  55  70  55  39  36  36  48  64  55  94  57  42  45  51  42  85  79  61  42  64  55  64  42  55  45  48  42  42  42  42  48  54  48  61  61  64  45  42  42  61 
 36  42  64  42  42  45  42  42  55  61  42  39  61  42  45  45  55  55  48  48  64  61  42  61  42  42  67  61  45  61  45  61 103 103  97  42  48  48  42  42  61 103  66  79  42  61  61  42  84  42  42  45  42  42  76  64  61  55  42  61  45  36  64  42 
 58  64  51  48  67  67  48  48  42  70  51  42  48  70  67  42  42  42  70  67  67  61  42  64  36  51  60  36  36  55  48  42  61  61  61  73  73  48  45  64  42  48  48  67  64  48  54  42  73  51  79  42  42  61  42  45  48  36  42  42  42  36  61  42 
 42  61  45  42  61  45  61  42  39  42  42  36  42  61  61  42  36  39  42  42  51  61  42  61  42  45  61  42  61  42  42  64  64  67  61  61  48  42  36  45  58  64  42  42  36  64  58  36  67  63  42  42  42  42  67  54  78  61  45  61  45  42  61  48 
 58  42  61  61  42  61  42  42  42  42  61  61  61  42  42  61  67  67  67  48  54  61  70  48  42  70  42  61  42  61  67  48  42  75  39  42  42  61  55  42  42  42  48  42  39  36  42  39  42  67  42  61  61  45  42  88  76  39  36  42  42  55  61  48 
 61  61  42  45  42  42  42  45  42  61  42  61  42  42  45  42  61  42  42  42  42  42  61  45  61  76  61  42  42  64  76  42  61  45  42  45  64  45  39  42  54  42  67  45  58  36  36  58  39  42  64  42  61  42  42  42  67  55  36  42  42  42  42  64 
 42  61  48  48  48  45  48  48  57  67  48  48  67  48  48  48  67  42  42  42  55  55  39  76  39  36  39  36  36  36  58  36  55  55  36  42  61  42  42  39  55  42  45  42  61  36  42  45  36  36  36  36  36  36  61  45  61  55  39  39  36  55  42  55 
 42  42  42  45  42  42  42  42  45  61  42  42  64  42  42  42  64  61  42  42  61  61  42  61  45  51  42  45  42  42  70  64  45  67  42  42  61  45  58  58  39  45  42  42  36  58  42  36  36  55  36  36  55  36  61  64  61  55  39  36  55  55  61  61 
 55  45  64  64  61  61  42  42  42  42  61  61  42  42  42  42  48  67  48  67  45  61  61  48  42  60  42  61  42  61  60  45  42  94  58  42  42  61  55  42  57  42  42  45  36  42  61  39  61  61  64  42  61  61  54  48  42  36  45  42  42  36  61  42 
 58  42  64  61  42  61  39  55  36  36  58  55  61  42  45  42  61  61 103 103  48  48  70  48 103  51  57  84 103  73 103  48  84 103  42  61  42  61  36  42  42  42  42  61  36  36  61  39  61  61  42  61  45  64  42  42  45  36  64  42  42  36  42  36 
 55  42  42  42  42  42  42  42  42  61  42  64  42  42  63  63  61  42  61  42  61  42  61  42  39  67  54  36  36  58  58  42  61  42  42  48  61  48  42  61  42  48  67  67  42  42  45  45  42  61  42  45  42  61  45  67  61  55  42  45  64  58  64  61 
 55  42  64  42  42  45  61  42  39  61  42  67  61  42  42  61  58  36  67  48  45  42  61  45  45  64  67  61  45  42  48  42 103  66 103  48  48  48  42  45  42 103  67  54  42  42  64  42  42  64  45  61  64  42  48  61  61  55  45  61  45  55  42  42 
 39  61  48  48  67  67  42  45  42  64  45  61  48  67  67  67  42  42  79  79  67  64  79  36  36  48  36  39  36  36  60  48  61  69  61  73  73  54  48  61  42  48  54  54  67  61  45  48  42  42  42  61  64  42  67  42  48  36  42  42  61  55  61  48 
 36  61  42  61  42  42  42  61  55  45  61  45  45  42  61  45  36  36  45  45  48  45  42  61  61  61  42  45  48  42  61  42  84 103 103  48  67  67  61  66  67  84  67  91  64  48  48  64  82  42  61  45  61  61  54  42  42  39  61  45  42  36  45  58 
 42  45  48  67  48  67  48  48  67  54  48  73  67  48  54  73  67  45  48  51  36  48  42  42  55  70  48  36  48  36  70  73  36  36  36  42  42  61  61  42  70  42  61  45  42  67  45  42  45  42  42  61  42  45  61  61  61  36  45  42  61  36  42  67 
 61  61  42  45  42  42  61  45  42  61  42  61  42  42  45  61  61  42  67  48  42  42  61  45  61  61  67  42  42  61  61  42  61  51  48  45  45  45  39  45  36  42  61  42  58  42  42  58  45  42  45  61  64  42  54  42  42  55  42  61  42  36  42  45 
 55  64  45  45  61  42  61  42  42  61  42  61  42  61  42  42  42  42  67  67  70  61  61  42  36  48  85  39  55  58  48  42  61  94  94  73  51  54  42  73  42  48  54  73  61  48  48  42  48  42  42  45  61  64  45  51  45  55  45  61  42  36  42  48 
 61  42  61  64  42  61  42  42  36  42  61  61  61  42  45  42  36  55  67  67  42  42  61  45  42  64  79  61  42  61  42  42  42  45  61  42  45  64  58  45  42  42  61  61  39  42  42  39  42  61  64  42  45  61  48  73 106  42  45  42  42  67  42  57 
 42  61  42  61  64  42  61  45  42  42  61  42  48  61  42  42  42  42  67  67  48  61  42  64  36  48  36  36  55  36  51  42  36  67  64  61  36  42  36  45  61  42  51  67  36  36  45  57  42  54  76  42  42  61  48  48  48  42  42  61  42  60  42  57 
 58  42  61  61  42  45  61  61  36  45  42  36  42  42  42  61  36  36  61  64  51  61  61  42  42  42  67  45  42  42  42  45 103  84  67 103  84 103  61  51  42 103  88  60  45  42  67  45  48  61  45  61  64  42  54  42  42  36  42  45  61  58  45  45 
 36  42  48  48  48  67  48  67  61  70  51  42  67  70  67  70  42  42  42  42  61  42  42  42  36  51  60  36  36  36  67  61  61  42  57  67  61  67  45  45  42  67  48  54  61  61  48  61  67  48  42  45  42  42  61  54  42  36  67  42  61  36  42  55 
 39  61  45  42  42  42  42  42  39  42  64  36  42  61  61  42  36  39  42  42  42  42  45  61  61  61  61  42  61  61  48  61  84  85  48 103 103  84  42  45  61 103  54  48  61  67  45  61  61  45  42  42  42  45  61  42  64  58  70  61  42  42  42  36 
 42  36  61  42  61  58  42  61  61  42  42  61  48  61  61  61  42  42  42  61  36  45  55  39  36  39  39  55  36  36  39  36  36  36  58  42  39  61  64  58  36  42  42  61  42  36  61  42  42  48  61  42  42  42  48  48  48  42  61  42  42  42  42  42 
 36  39  36  36  58  39  36  39  36  45  55  55  42  55  36  58  42  45  70 103  84  51  84 103 103  97  85 103 103  63  66  84  84  48  42  42  64  42  36  39  55  61  61  45  55  36  42  55  36  39  58  36  36  36  61  42  61  36  42  58  36  55  55  36 
 42  61  42  42  42  42  42  42  61  67  42  42  48  64  42  42  61  39  42  42  36  45  45  42  55  88  85  36  36  36  85  61  58  75  36  45  64  45  39  64  76  61  61  42  58  61  42  55  42  45  42  42  42  45  76  48  67  61  67  61  48  42  42  61 
 36  61  42  42  42  45  55  36  36  45  36  58  42  64  42  45  42  64  84  54 103  54  54  84  84 103  84 103  54  84 103  54 103 103 103  45  64  42  36  64  42  42  42  45  39  55  42  55  64  42  45  61  61  61  61  42  61  55  61  64  36  36  42  58 
 42  45  45  45  42  42  42  45  42  67  42  42  67  42  42  61  42  61  42  67  58  61  45  42  36  36  36  36  36  39  36  55  36  39  55  64  61  42  36  61  36  42  45  42  36  61  42  36  61  61  42  61  61  42  67  67  48  61  42  42  61  42  67  61 
 45  42  64  61  42  61  42  42  36  39  61  48  36  42  55  36  36  39  51  70  42  64  45  61  45  48  42  61  45  42  48  42  42  67  61  61  42  61  55  45  55  61  42  42  36  61  58  36  61  64  42  42  42  64  67  73  54  45  42  45  42  48  64  42 
 39  64  45  45  42  42  42  42  42  61  42  42  42  42  42  42  42  42  60  48  64  45  60  55  55  79  36  39  48  36  79  36  61  94  42  54  70  54  42  61  61  48  54  73  64  42  42  61  61  42  61  42  42  64  48  51  67  36  61  42  61  42  36  55 
 45  42  45  42  42  61  42  61  55  45  42  42  61  42  42  42  39  36  45  48  42  45  45  42  64  61  42  42  51  61  64  42  42  42  42  42  61  61  61  45  61  42  61  42  61  61  42  61  82  63  63  63  82  66  72  73  73  45  67  51  67  42  45  61 
 42  45  45  61  61  42  64  64  61  42  61  67  42  61  61  42  42  42  48  48  42  42  42  45  55  67  67  36  85  39  51  82  55  39  39  42  36  42  36  45  48  61  61  42  36  55  45  39  42  42  45  61  42  42  73  48  48  42  61  61  42  48  42  42 
 42  42  64  61  61  42  61  42  58  45  61  42  42  45  42  61  36  55  48  64  42  42  42  42  42  64  67  61  64  45  42  64  42  48  70  42  42  42  42  45  45  42  42  45  36  39  42  36  42  61  42  61  61  42  79 109  97  45  64  64  42  54  78  42 
 36  61  42  42  42  42  45  42  42  61  42  42  42  42  45  42  67  48  54  48  67  48  42  61  61  67  51  42  42  42  67  54  61  94  57  42  61  45  42  79  55  61  57  64  36  42  42  36  61  42  64  42  42  61  54  42  64  58  61  45  64  57  48  55 
 55  42  61  61  42  61  42  42  36  45  42  36  64  42  45  42  61  42  67 103  48  67 103  67 103  48  48 103 103 103 103  73 103  64  42  61  42  61  58  45  36  42  42  42  42  42  61  39  42  42  42  42  61  61  66  64  45  39  42  42  42  45  61  36 
 36  64  45  42  61  42  61  61  42  61  42  42  42  64  61  42  48  45  54  67  42  42  42  67  42  54  61  42  61  42  54  45  61  67  55  64  42  42  36  45  61  61  42  64  64  36  48  42  79  60  79  42  42  61  42  45  42  36  61  61  42  36  42  42 
 42  45  42  42  45  45  42  42  42  42  42  64  61  45  42  45  61  61  61  45  64  61  42  42  42  76  54  42  42  42  73  42  45  67  45  42  61  61  55  64  55  61  45  61  36  36  42  36  42  61  61  45  42  61  45  61  61  36  42  42  64  58  64  61 
 36  42  61  61  42  61  42  42  42  45  64  42  61  42  45  45  61  61  61  61  42  61  42  55  39  42  88  58  36  39  85  42  42  67  42  54  54  73  61  48  61  67  54  73  42  42  64  45  42  61  61  45  42  61  45  73  73  36  36  42  42  58  64  36 
 64  64  42  42  45  45  42  42  36  61  42  55  42  45  42  42  55  36  64  45  64  45  64  42  42  73  48  42  42  42  61  42  64  54  45  42  61  42  36  64  54  42  61  42  55  42  42  61  42  42  61  42  61  64  91  48  67  61  42  42  64  61  45  61 
 36  39  61  42  61  61  42  61  61  42  61  61  42  61  61  42  51  48  48  48  42  42  61  42  61  42  42  61  42  42  42  42  42  36  36  42  42  61  61  55  36  61  61  61  45  36  55  55  36  39  55  39  36  36  42  42  42  36  61  36  39  36  42  36 
 45  36  39  36  39  36  36  36  36  58  36  36  55  39  36  36  36  36  45  64  61  64  45  61  42  48  67  42  45  42  67  61  42  67  64  61  61  42  36  39  36  61  42  42  36  55  36  36  42  61  42  42  45  45  79  79  60  64  42  45  61  48  64  45 
 36  61  42  42  42  42  61  61  42  61  42  42  42  61  64  45  48  48  48  48  42  61  42  61  61  60  79  42  61  61  60  42  61  94  36  67  48  42  36  42  76  42  45  61  55  36  45  55  61  42  61  45  42  61  54  54  54  36  42  61  42  45  42  36 
 36  42  42  42  61  61  42  36  55  55  39  39  42  64  42  64  55  58  45  42  42  61  42  42  42  45  42  42  61  64  42  61 103  84 103  48  51  97  42  64  61 103  97  97  64  61  42  54  63  63  63  45  42  42  64  42  64  39  42  42  61  61  61  39 
 42  42  48  67  48  67  48  67  67  48  48  48  67  48  48  67  67  39  42  42  67  42  42  45  55  67  48  36  36  36  70  64  36  36  36  51  67  61  67  45  36  42  42  42  67  61  45  61  64  42  45  61  61  42  73  73  73  39  61  45  64  54  42  55 
 42  45  36  55  58  39  36  36  36  36  55  51  36  36  55  39  36  39  42  70  60  61  42  61  64  42  67  61  61  42  42  61  45  67  61  61  42  42  42  45  55  61  45  42  42  61  64  36  61  45  42  45  42  42  70  97  78  42  42  61  45  45  61  42 
 36  61  42  42  42  42  64  42  61  61  42  42  42  45  42  42  42  42  42  48  67  42  42  76  55  70  82  36  36  36  67  61  61  75  42  48  42  48  48  64  61  67  67  48  67  61  42  61  48  51  45  42  45  42  67  42  61  58  61  61  42  42  42  55 
 36  42  61  42  61  61  45  61  36  42  45  64  45  42  45  61  42  61 103  97  73  67  48  54 103  84  48  60  85  84 103 103 103  42  42  42  42  61  55  64  61  42  42  45  36  61  61  39  42  61  42  42  42  42  61  45  45  39  42  42  61  67  42  36 
 42  42  67  48  67  48  67  67  67  48  67  54  48  67  67  67  51  42  42  42  48  42  42  64  36  36  55  61  70  36  36  58  39  36  36  76  42  51  39  42  42  61  48  48  36  61  61  36  58  36  45  42  45  42  61  42  42  36  61  42  42  42  48  36 
 36  61  36  36  36  36  39  36  55  55  39  61  39  55  36  39  64  42 103 103  91  67  48  67 103  66  84  51  73 103  85 103  79  54  42  42  42  42  36  39  64  64  42  42  55  61  45  55  36  36  42  42  42  42  61  48  42  58  45  42  61  67  61  36 
 58  45  64  42  61  42  61  42  42  64  45  61  42  42  45  42  42  61  61  61  36  61  64  42  36  66  55  45  82  55  66  42  73  94  61  48  45  48  42  54  54  48  51  48  42  42  61  42  42  61  61  42  64  64  42  51  48  55  42  61  42  58  70  36 
 36  42  61  61  61  64  42  61  36  64  42  61  45  42  45  64  42  61 103 103 103  67  48  48 103  84 103  91  67 103  84 103  79  42  61  42  42  42  36  39  73  64  42  54  36  61  67  39  64  61  42  64  42  42  67  45  45  36  42  45  61  36  42  36 
 42  64  45  42  42  42  45  42  42  42  42  61  42  42  42  45  42  42  61  42  61  42  61  42  55  55  36  39  63  36  39  42  82  48  39  42  64  64  55  64  57  42  61  48  55  42  48  64  54  54  54  76  42  42  67  48  67  42  45  45  64  61  42  42 
 55  42  42  42  61  42  42  42  36  61  45  55  42  61  42  61  36  55  61  64  61  61  61  42  42  48  48  42  61  42  42  45  67 103 103  97  51  78  42  70  51 103  51  72  64  45  42  45  48  48  36  42  61  42  54  42  42  39  42  61  42  58  58  45 
 36  42  61  61  64  42  64  42  42  42  61  42  45  67  64  42  48  48  42  67  42  61  42  67  42  60  76  61  64  42  42  64  73  61  36  61  48  45  36  45  70  61  48  48  36  58  64  36  61  42  42  42  42  42  61  54  57  39  39  58  45  36  42  39 
 42  61  42  61  61  42  64  61  58  42  64  36  45  61  61  61  39  36  42  42  42  42  42  42  64  45  64  45  61  45  45  45  61  48  42  61  42  42  36  36  45  42  42  45  36  39  61  36  61  42  48  61  61  42  73  63  60  42  64  61  42  42  42  42 
 61  36  42  48  42  42  61  42  42  61  42  42  45  42  42  61  42  61  42  61  36  58  36  45  39  39  55  36  39  55  55  55  55  36  36  61  55  42  42  36  36  42  42  42  42  36  45  39  61  61  42  61  61  42  48  67  48  61  42  42  42  42  61  61 
 55  36  55  39  55  36  36  36  55  55  36  39  58  36  36  58  58  55  45  42  61  42  61  42  45  51  48  61  42  42  48  61 103  66 103 103  84 103  42  64  42 103 103  60  42  42  64  54  42  39  36  58  55  36  45  48  42  55  42  36  58  55  55  36 
 55  42  61  61  61  42  61  42  42  42  61  61  42  42  42  45  48  67  67  67  42  61  61  48  42  60  76  61  61  61  60  42  42  85  58  42  42  42  48  45  60  42  42  54  48  39  61  45  42  42  61  42  61  61  54  48  42  39  45  61  42  36  67  36 
 36  42  42  42  42  64  42  36  36  58  36  58  61  45  42  45  55  39  45  42  64  42  61  42  61  42  42  64  42  45  42  42 103 103 103  84 103 103  42  85  42 103 103  97  45  42  42  42  82  61  61  45  61  61  45  61  64  36  61  45  61  36  61  39 
 61  42  61  61  61  61  42  64  61  42  61  61  42  61  61  61  42  42  42  42  42  45  61  45  36  67  48  55  55  55  48  45  36  36  55  64  42  61  61  42  42  42  42  42  42  42  61  36  42  42  45  61  61  42  48  48  48  42  61  42  42  42  42  42 
 36  64  42  42  45  42  42  45  55  64  42  51  42  61  61  39  42  45  84  85  67  51  48 103 103 103  48 103  84 103 103  67 103  48  42  42  45  42  36  64  45  42  61  64  36  45  42  55  42  45  61  42  42  42  48  42  61  58  42  45  61  36  61  55 
 42  64  51  48  67  48  67  67  67  67  48  48  48  67  48  67  67  48  42  48  67  45  42  36  58  55  66  39  36  36  36  61  55  75  39  42  67  42  36  61  42  61  61  48  55  61  42  58  42  42  42  64  42  45  67  48  48  58  42  64  45  36  45  42 
 55  42  64  55  55  55  36  39  55  36  36  61  36  55  55  39  45  42 103  73  91  67  85 103 103  66  48  84  76 103  66 103 103  54  61  42  42  64  58  45  36  42  42  45  36  42  45  36  42  42  45  42  42  42  54  42  61  36  42  42  42  58  61  42 
 42  42  61  42  61  61  42  42  42  42  61  48  42  42  42  42  42  42  61  61  36  61  42  61  36  69  42  55  36  36  66  39  36  55  55  60  42  61  55  61  58  61  42  61  36  45  61  36  48  67  67  42  48  61  48  48  48  42  42  42  42  61  42  42 
 39  42  64  42  61  45  42  42  39  61  42  42  42  61  42  42  58  55  42  61  64  61  42  64  45  45  54  61  64  42  42  42 103  85 103  67  48  48  42  64  61 103  48 103  42  42  64  42  42  45  61  42  61  61  54  42  42  55  45  42  64  36  61  36 
 36  42  61  61  45  61  42  61  42  42  42  42  64  42  42  42  42  42  42  61  42  42  42  64  36  39  88  55  39  36  39  42  42  85  61  73  54  73  61  45  73  67  54  73  42  42  64  48  61  42  42  45  42  42  45  61  42  36  61  45  45  36  42  39 
 36  61  42  61  61  42  61  42  36  45  61  39  42  64  61  45  42  42  84 103  48  48  48  67 103  85 103  84  67 103  66  67  84  79  45  51  70  48  36  64  64  61  67  45  64  39  42  55  42  36  36  42  42  42  73  42  61  39  42  64  42  36  42  39 
 61  64  48  48  67  45  67  67  67  48  67  48  48  67  67  48  48  39  42  58  45  61  42  61  36  66  55  39  55  58  51  42  36  91  55  61  48  42  36  45  42  42  45  61  36  36  45  42  55  57  76  60  42  64  42  42  42  55  42  64  45  39  42  42 
 61  42  58  36  55  55  36  36  36  39  55  39  36  36  55  58  36  39  42  64  61  42  42  42  45  42  48  61  45  42  66  61  42  42  61  61  42  61  55  64  42  64  45  42  36  36  64  36  61  64  42  64  42  42  97  54  54  45  42  45  42  48  45  42 
 39  64  45  42  42  42  42  61  42  61  42  42  42  64  61  42  48  45  48  48  67  64  45  67  61  42  57  42  42  42  63  67  61  61  36  64  61  42  36  67  61  61  42  48  58  55  42  55  61  45  42  42  42  45  73  69  66  58  36  36  61  60  42  67 
 36  61  42  45  61  42  61  42  39  42  42  36  42  61  61  42  36  39  61  42  42  61  42  61  61  51  61  42  61  42  48  64  61  67  61  61  45  45  39  45  64  45  42  61  36  58  61  36  82  45  42  42  63  42  79  66  72  42  45  61  42  42  42  45 
 61  36  61  42  42  58  42  42  61  42  42  42  61  42  42  61  42  61  42  61  61  36  55  42  36  39  36  36  36  55  42  36  36  39  58  61  76  61  61  58  36  42  42  42  42  39  45  36  61  61  42  61  61  42  48  67  48  42  61  42  61  42  61  42 
 61  36  55  39  36  36  36  55  58  36  36  36  55  36  55  55  39  36  42  42  61  42  42  42  64  51  48  61  42  42  45  64  42  48  61  61  45  64  58  58  39  45  42  42  36  58  61  36  61  42  42  61  61  42  79  82  60  42  64  42  42  48  42  48 
 42  42  42  42  42  42  45  42  61  61  42  42  61  42  42  61  61  61  42  61  61  42  45  48  36  79  60  36  36  39  67  61  39  75  36  48  67  45  39  61  76  61  61  42  39  55  42  36  45  61  42  61  42  42  73  79  73  61  67  42  61  79  70  61 
 58  61  42  61  42  64  42  36  36  39  36  55  45  45  42  61  36  39  61  61  45  42  64  42  42  45  42  45  42  45  61  42 103 103 103  67  67  97  61  45  42 103  78  78  64  42  42  61  66  63  42  61  61  45  48  42  42  36  64  45  42  36  42  42 
 55  61  42  45  45  42  42  42  42  64  45  64  45  45  42  42  67  45  67  48  70  42  61  48  61  70  42  42  42  42  61  42  61  42  36  48  67  42  48  42  36  42  61  64  67  42  42  55  42  45  64  42  42  61  42  42  61  55  39  42  61  55  36  58 
 42  42  61  42  61  42  64  61  64  42  64  48  45  61  61  42  45  42  42  67  66  42  42  61  45  60  67  64  61  42  51  64  42  48  61  61  42  42  42  45  39  45  42  42  42  64  61  36  61  42  42  42  61  42  61  45  42  58  58  61  42  36  36  42 
 42  45  45  61  61  42  64  42  42  42  61  42  42  42  61  42  42  42  42  67  42  42  42  55  36  45 100  58  55  55  60  45  36  94  58  61  45  45  42  42  64  42  42  61  42  39  61  39  70  67  67  48  51  67  60  54  54  42  42  70  51  42  42  42 
 64  45  61  61  64  45  42  42  36  42  61  61  42  42  42  42  55  58  42  61  45  42  61  45  42  76  42  61  67  61  67  42  45  45  42  42  42  42  36  45  42  42  61  42  36  42  45  36  45  64  61  42  61  61  66 103 103  42  64  42  45  42  42  42 
 61  45  67  67  48  64  54  48  67  48  48  73  67  48  48  67  67  67  42  42  51  42  64  42  36  88  36  58  48  55  85  36  36  36  36  57  48  67  55  45  42  42  67  48  36  42  64  36  42  39  36  36  55  36  57  61  61  36  42  39  58  36  61  42 
 58  61  45  61  42  42  67  42  36  42  61  42  42  42  42  42  64  42  84 103  48  84 103  67 103 103 103 103  78  73  67 103  48  70  42  42  61  45  39  39  45  42  61  42  55  36  45  55  36  36  36  58  55  58  54  42  42  36  42  55  36  58  64  61 
 36  64  51  48  67  67  48  70  61  70  51  42  48  67  67  48  42  42  42  42  82  45  42  64  36  55  36  39  36  36  42  61  61  75  42  48  45  48  42  73  73  67  67  67  61  61  42  42  42  42  45  42  45  42  73  45  42  36  61  61  42  36  36  48 
 42  61  42  64  61  42  61  61  61  42  42  45  42  61  61  64  42  45  42  61  42  42  42  42  42  48  67  42  61  42  54  61  61  42  61  61  45  45  39  39  54  61  45  54  36  61  45  42  61  45  42  64  42  42  70  42  45  36  61  61  42  39  36  54 
 36  42  42  42  42  42  42  61  61  61  42  42  61  42  42  42  67  48  48  48  61  42  42  67  61  79  60  42  42  42  79  61  42  70  36  61  61  42  36  64  76  42  45  67  36  55  45  61  76  60  57  60  42  45  48  42  42  55  61  42  61  39  51  73 
 36  45  55  39  36  36  39  36  36  36  36  36  55  36  36  36  58  55  42  42  45  61  42  64  45  45  61  61  42  61  42  61 103  70 103  67  48  78  45  51  67 103  48  91  42  61  64  42  64  45  45  42  45  42  61  61  42  55  42  61  42  36  61  48 
 55  45  45  42  42  42  42  45  42  45  45  61  61  42  42  45  61  61  61  42  61  45  61  48  36  48  48  36  36  36  61  42  42  54  42  54  73  67  64  67  60  48  73  54  45  45  42  42  42  61  42  42  61  61  48  76  73  36  36  36  61  55  61  67 
 42  42  61  61  61  42  64  64  42  42  64  45  45  61  64  45  42  42  84  61  42  42  42  61  42  42  70  64  61  42  42  61  42  67  61  70  48  42  36  42  61  61  61  42  39  61  61  39  45  42  42  45  42  42  64  42  42  36  55  55  42  36  42  48 
 67  42  67  48  48  67  48  48  67  48  48  48  67  48  48  67  48  67  42  61  55  42  39  36  36  39  36  36  39  58  36  55  36  36  55  61  42  61  61  55  36  42  42  61  42  36  36  42  55  58  36  36  36  36  42  61  42  36  61  36  55  36  55  36 
 36  36  55  36  36  36  55  36  36  36  58  55  55  36  36  36  55  55  61  64  42  64  61  42  42  48  61  61  42  64  48  45  84  66 103  73  70 103  42  45  64  84 103  79  45  45  61  45  42  42  55  36  36  36  42  42  42  39  42  55  36  36  58  39 
 42  45  67  67  48  67  48  48  67  48  67  48  67  48  48  67  67  67  42  42  36  48  42  45  36  79  36  55  36  36  79  64  36  66  39  48  42  64  67  42  76  61  61  73  48  61  61  48  45  61  45  61  42  42  73  61  61  36  45  42  42  36  67  36 
 45  42  39  55  55  55  36  39  36  39  55  36  36  36  39  36  36  36  64  61  42  64  45  61  48  42  48  61  64  61  42  42  42  42  61  45  42  42  42  45  61  42  42  61  42  42  61  45  63  82  61  42  45  64  60  78  97  45  42  64  42  67  61  42 
 42  42  61  42  45  61  45  42  42  42  42  42  61  42  45  42  42  61  61  61  55  61  42  61  39  48  42  58  36  36  48  42  36  55  55  61  54  64  61  64  61  61  42  73  42  42  61  42  42  61  42  45  45  45  73  67  48  42  45  45  64  79  61  42 
 36  61  42  45  42  42  61  61  36  61  42  67  42  42  45  55  61  42  48  85 103 103  48  51 103  84  48  67  84  84  79  48 103  57  42  42  42  42  36  64  42  42  61  57  39  61  42  58  45  42  45  61  61  42  42  61  45  36  45  61  45  55  42  58 
 42  42  61  42  61  61  45  64  61  42  42  42  42  42  61  42  42  42  42  67  42  45  42  76  36  36  66  58  36  36  48  45  36  94  58  64  48  64  55  42  64  42  42  70  36  45  61  39  67  67  61  42  42  61  48  48  48  42  61  45  45  42  48  42 
 55  45  42  61  45  64  42  45  39  45  42  42  61  42  61  42  45  42 103  60 103  84  85  51  84  85  48 103  66 103 103  84 103  67 103  42  57  42  36  42  36  42  45  42  36  61  42  55  61  45  42  64  61  42  51  61  61  36  42  45  61  36  42  55 
 61  42  61  45  45  61  42  42  42  45  45  67  61  42  42  42  42  39  61  64  39  45  61  45  36  69  42  36  54  36  36  36  39  39  55  69  36  67  58  61  57  42  67  42  36  42  42  36  42  61  70  48  67  67  54  73  54  42  42  48  67  61  42  42 
 42  61  45  42  42  61  42  61  39  45  42  42  42  61  42  42  36  39  42  48  61  42  42  42  61  61  54  42  69  42  48  64  42  48  42  42  73  61  55  64  42  42  42  42  55  55  45  55  61  45  45  61  64  42  67  54  76  45  45  45  61  84  42  61 
 36  42  61  61  42  61  42  42  42  45  64  61  61  45  42  42  48  64  67  67  42  61  67  45  42  42  57  61  82  61  60  42  48  94  55  45  42  61  39  45  55  42  42  82  36  42  61  36  64  64  58  36  39  55  54  61  42  39  42  36  36  36  67  42 
 61  42  64  61  42  61  64  61  61  42  64  45  61  42  61  64  42  39  42  61  42  42  48  42  42  48  70  61  85  42  42  61  45  42  61  61  42  42  36  42  36  42  45  69  36  61  70  36  61  64  36  58  36  36  51  61  45  36  61  55  36  39  42  42 
 55  42  61  61  61  42  61  42  42  42  61  42  42  61  61  42  48  48  48  73  42  61  48  67  42  60  79  42  73  61  48  61  42  70  55  61  48  42  36  42  45  42  51  61  39  45  67  42  55  36  76  57  42  45  42  48  48  36  42  61  42  39  39  42 
 42  48  82  66  63  82  63  85  61  82  82  42  82  82  85  63  42  42  42  61  61  42  42  64  42  42  42  61  61  45  76  61  42  51  42  64  51  45  39  45  61  61  54  45  58  61  42  58  58  36  45  42  42  42  61  42  42  36  61  61  42  36  36  64 
 36  42  42  61  64  42  64  61  42  42  42  42  45  61  61  45  48  45  48  48  42  70  48  61  61  60  58  42  82  42  48  67  61  67  42  61  42  45  36  48  58  61  48  61  36  45  45  55  61  42  61  42  42  42  73  42  42  39  67  58  45  36  48  45 
 55  61  45  42  61  42  61  45  55  45  42  39  42  61  61  64  42  45 103 103  48  51 103 103 103  67  85 103 103 103  54  67 103  54  42  45  61  42  36  45  36  42  61  45  55  42  45  55  42  45  64  42  61  42  60  42  61  39  42  58  42  61  42  36 
 42  61  48  48  48  45  48  48  48  67  57  48  70  48  48  48  67  42  61  42  55  61  36  55  58  36  36  36  36  36  64  36  55  55  36  42  55  42  42  39  39  42  42  42  61  58  42  64  36  36  36  36  55  36  61  42  61  55  36  36  36  58  42  55 
 64  45  42  42  45  42  42  42  61  64  42  42  61  45  42  61  42  61  45  64  61  64  45  42  42  48  48  42  42  61  42  61  48  48  64  61  61  42  55  58  36  42  42  42  36  55  42  36  55  55  36  55  58  39  42  61  42  58  36  39  55  36  64  55 
 42  61  48  42  42  42  42  42  42  67  42  42  48  42  45  64  61  42  42  42  42  48  42  42  39  79  79  39  36  39  61  61  55  75  36  48  67  42  36  61  42  42  64  42  55  55  45  55  42  42  42  64  61  42  73  48  67  61  42  64  45  42  67  67 
 36  61  45  42  42  42  45  42  36  61  39  58  57  61  42  61  45  42  70 103  67  70  48  48 103  48  84 103  84 103  88  54 103 103  42  42  42  42  36  45  45  45  42  42  55  39  42  55  42  42  42  61  61  42  42  42  61  55  42  42  61  55  64  55 
 61  61  85  48  67  45  67  67  67  73  48  67  54  67  67  67  42  48  42  36  85  45  42  42  55  67  36  36  36  58  42  48  55  36  36  48  42  42  36  64  36  42  61  42  39  42  42  36  42  42  42  64  61  45  42  45  42  36  61  61  42  36  36  36 
 42  45  42  64  45  61  42  42  42  48  42  45  61  42  42  45  42  64  42  61  48  61  42  61  42  42  48  42  42  42  57  61  45  67  61  61  42  64  55  45  55  64  45  42  36  61  61  36  61  64  42  45  42  42  67  61  45  36  42  42  64  39  55  36 
 36  61  42  48  67  48  70  67  42  42  42  42  42  70  67  48  48  45  48  48  48  42  67  67  61  51  79  42  61  42  48  48  61  94  36  61  42  51  36  61  36  42  48  67  55  36  42  55  61  45  61  45  42  61  51  48  48  55  64  64  45  36  42  36 
 64  61  63  61  42  61  42  45  61  45  82  42  85  42  45  61  61  42 103  42  42  42  45  42  61  76  42  42  48  42  61  61  42  42  42  45  61  61  55  45  36  42  61  42  58  55  42  58  45  42  42  61  64  45  73  42  61  39  42  45  61  36  42  39 
 61  42  54  54  48  67  48  48  48  48  48  67  67  48  48  48  67  48  61  42  61  48  55  36  36  42  48  36  51  55  67  42  36  36  36  60  36  61  36  64  60  42  61  61  36  39  42  36  42  45  61  42  45  61  42  42  61  39  42  42  61  55  45  55 
 64  64  48  48  55  39  55  55  55  61  42  55  42  55  36  55  36  39  45  45  45  45  64  42  64  73  67  42  61  61  42  42  64  48  42  42  42  42  42  45  42  42  61  42  36  36  45  55  42  45  42  42  61  45  54  60  79  61  61  61  45  42  45  42 
 55  42  67  61  64  42  61  45  42  42  67  61  51  42  61  64  48  45  67  67  42  67  67  48  42  60  73  61  61  61  42  42  42  75  61  42  42  42  42  42  36  42  57  57  42  36  61  36  42  42  45  61  61  42  42  73  54  36  42  61  42  55  61  39 
 39  42  64  36  42  61  45  42  55  61  42  36  61  42  42  42  58  36  42  42  42  42  45  61  64  70  57  42  45  61  42  61 103 103  84  72  78  97  45  45  61 103  73  60  42  61  64  42  64  85  42  42  42  45  67  61  61  36  61  42  61  36  42  36 
 36  45  61  67  61  42  64  45  42  48  61  42  42  42  42  42  42  42  61  61  48  61  42  61  36  60  61  55  55  36  48  45  42  61  61  67  42  48  64  45  61  67  54  48  48  42  64  48  42  42  36  36  60  42  70  54  54  36  42  42  42  39  42  36 
 48  42  61  64  61  61  61  45  61  42  61  42  42  61  64  42  42  42  42  61  42  42  51  67  42  42  73  61  61  45  42  61  42  51  61  64  45  45  39  45  36  61  42  45  45  55  61  39  64  42  36  36  57  45  73  54  54  36  61  61  42  36  42  39 
 61  45  64  42  42  61  42  64  42  42  64  42  61  42  64  42  42  42  42  36  36  61  61  42  39  48  88  58  36  55  36  45  36  94  55  64  45  61  55  45  45  42  48  61  36  45  67  36  61  61  61  42  48  67  48  73  54  42  54  54  54  42  48  42 
 42  36  36  36  61  45  61  58  36  42  42  36  36  55  64  36  42  36  61  42  45  82  42  70  61  42  61  76  61  42  42  61  64  64  42  64  45  42  36  39  61  42  42  61  39  55  55  39  45  42  82  45  42  42  63  72  60  42  42  61  45  42  88  48 
 42  48  70  67  79  42  67  42  42  48  61  42  42  42  48  45  63  61  67  61  36  67  42  61  36  51  55  61  58  36  39  42  48  36  55  42  42  42  36  42  55  48  42  61  36  36  61  36  45  61  67  48  42  61  54  73  54  42  42  64  42  61  67  42 
 36  61  45  39  48  42  42  42  36  42  61  36  42  61  61  61  60  42  48 103  84  48  48  48  51 103 103  67  84  51  85  51  51  66  42  42  42  61  55  61  39  48  64  45  55  58  45  55  42  42  42  61  61  42  48  42  42  36  42  42  45  39  70  61 
 42  61  42  42  48  67  48  67  42  57  54  42  42  61  67  42  54  42  48  42  55  42  45  67  36  36  36  42  39  36  66  42  85  88  36  61  42  61  39  64  64  67  48  61  55  36  42  36  67  48  67  48  45  64  48  48  48  42  61  42  67  42  54  61 
 42  64  42  45  64  42  55  61  55  61  42  39  36  64  55  64  42  36  42  45  42  42  42  54  61  48  67  42  61  42  42  42  85  42  45  61  42  45  36  45  42  70  45  42  36  55  61  36  61  42  42  64  42  42  91  60  60  61  61  61  45  42  45  42 
 42  42  67  42  61  42  61  67  42  42  42  42  45  61  61  42  42  42  48  42  36  64  51  61  55  60  79  61  58  55  36  67  66  58  39  70  42  48  39  42  55  54  48  67  36  42  61  39  61  42  61  42  48  70  51  73  54  42  48  67  48  42  48  42 
 61  42  39  45  36  55  42  36  39  42  42  36  61  42  42  42  39  55  48  61  61  61  54  61  45  45  42  42  42  61  70  64  42  67  61  61  61  64  58  64  36  54  42  45  36  42  61  36  61  61  85  63  42  42  54  67  48  42  45  42  61  48  61  67 
 58  42  61  42  42  61  45  45  42  42  42  61  64  45  42  42  61  61  67  42  55  64  64  42  36  48  48  42  39  36  79  42  45  94  42  48  42  67  61  64  54  60  48  48  42  42  42  42  42  64  61  42  55  39  54  67  42  39  36  36  61  61  61  48 
 42  61  45  42  61  42  42  42  39  64  42  36  42  61  42  42  39  36  61  61  61  61  42  61  45  45  48  42  70  61  51  45  61  61  61  61  61  42  36  64  61  54  42  61  36  42  61  36  82  82  45  42  45  42  66  78  54  64  45  64  67  42  67  48 
 42  61  42  42  61  42  61  61  61  61  42  42  42  61  61  61  42  42  42  42  36  48  45  42  55  70  85  42  67  36  66  42  67  39  36  42  36  42  36  42  42  76  45  42  58  42  42  36  61  42  48  67  61  45  67  54  54  61  61  61  42  48  42  42 
 55  61  42  61  42  61  45  61  36  42  64  36  42  61  42  42  39  36  61  61  42  61  45  61  45  45  76  64  42  42  76  42  48  85 103 103 103  67  61  42  76  60  48  97  73  42  42  61  45  45  61  42  61  64  48  42  42  36  42  42  42  55  42  64 
 36  42  61  61  61  42  61  42  42  42  61  42  42  61  64  42  48  48  48  67  42  42  42  67  42  48  79  64  61  61  48  42  73  88  61  61  45  42  36  42  85  48  60  73  42  36  61  39  61  42  55  39  42  64  51  42  45  36  42  61  42  39  42  54 
 36  45  61  64  64  42  61  42  55  42  61  39  42  45  61  45  42  45 103  48  48  73  48  79  84  48  67  67  67 103  54  67  51 103  61  45  42  45  36  42  67  61  61  67  36  36  61  36  39  61  36  39  42  42  76  42  61  36  42  61  42  55  61  42 
 55  42  42  42  61  42  61  61  42  42  61  42  42  61  61  42  48  48  48  67  48  42  48  61  42  54  67  64  61  61  54  67  42  61  39  61  45  54  36  42  48  48  45  64  55  36  42  39  76  57  79  57  54  42  42  42  42  36  42  64  45  39  51  36 
 42  61  42  42  61  45  61  42  39  64  42  36  45  45  61  42  36  36  61  64  51  61  42  61  42  57  61  45  61  42  57  64  61  67  64  42  42  42  36  45  76  64  42  61  39  58  61  36  42  61  42  42  42  42  48  78  60  61  42  61  42  70  64  42 
 36  61  48  42  42  42  42  42  42  61  42  42  42  45  42  64  67  64  67  48  73  48  42  42  42  67  42  42  42  42  67  42  73  75  36  45  61  42  36  64  45  42  61  48  36  67  42  36  42  45  42  61  61  42  67  42  67  58  36  36  55  61  42  61 
 39  58  36  58  45  61  42  36  36  36  55  39  36  45  42  55  64  42  67 103  48  67  84  84 103  84 103 103  48  54  67  84  87  79  60  42  61  64  39  36  55  79  45  42  42  36  36  36  36  55  61  36  39  42  61  61  42  36  36  55  36  58  39  55 
 42  70  42  42  61  42  61  64  61  45  42  42  42  64  61  61  60  42  51  42  48  45  42  42  55  55  55  36  55  36  42  64  55  69  39  45  45  42  36  42  76  67  61  42  61  58  42  55  42  42  48  61  45  42  73  48  48  42  61  64  42  42  42  42 
 42  61  39  36  36  42  55  42  36  64  42  39  42  61  61  45  48  36  67  45  42  61  42  61  42  48  67  42  45  42  76  61  61  61  45  61  42  42  36  45  64  70  45  61  55  55  45  76  42  42  42  42  42  42  79  54  78  64  42  64  42  51  61  61 
 42  61  48  48  67  48  73  48  48  48  70  73  48  67  54  48  54  61  67  61  54  70  64  42  36  60  61  36  58  55  42  42  39  36  55  42  42  42  39  42  36  51  48  61  36  42  42  63  42  42  61  42  42  61  48  48  42  55  42  61  42  42  61  36 
 39  42  36  55  36  42  58  55  36  36  64  42  55  42  61  36  36  36  48  45  42  45  45  61  61  61  42  42  42  42  73  42  84  85 103  54  76  48  42  45  61  67  48  73  51  61  42  64  82  82  48  42  45  42  61  70  42  39  61  61  42  42  45  39 
 39  64  45  42  42  48  45  64  42  61  48  42  42  67  61  42  48  48  48  48  67  48  42  64  61  67  42  42  42  42  79  61  61  85  42  70  42  51  42  61  61  73  48  48  55  61  42  67  61  42  48  42  45  42  61  42  42  55  61  42  42  42  42  55 
 42  61  42  42  45  42  76  42  64  61  45  42  42  42  42  61  61  45  54  42  61  42  42  42  61  76  45  45  61  42  67  64  61  42  42  48  42  42  42  42  45  54  61  48  55  64  45  61  42  45  36  61  61  42  42  42  64  55  64  61  42  48  42  36 
 42  64  48  48  48  48  54  67  67  67  54  48  48  67  67  67  48  48  51  42  61  45  42  45  55  61  48  39  36  36  79  64  55  36  36  42  67  42  36  61  42  73  42  42  55  61  45  61  61  45  45  61  61  42  61  42  48  58  61  64  45  54  42  55 
 55  64  42  61  64  55  42  61  39  45  36  36  42  58  42  42  39  36  42  61  42  61  61  42  45  54  42  42  67  61  48  84 103  85 103  67  82  73  64  64  42  60  51  73  61  45  42  61  61  42  55  42  42  64  42  42  42  39  42  42  42  42  42  36 
 36  42  61  61  61  42  64  42  42  42  61  42  42  45  61  45  48  48  48  67  42  61  42  61  42  60  39  61  67  42  54  42  42  61  61  61  48  45  48  45  64  76  48  42  36  42  61  36  61  45  67  42  42  42  61  42  42  39  45  64  45  36  64  42 
 39  42  64  42  42  45  36  42  55  61  42  36  61  42  42  61  55  36  48  45  45  45  42  42  42  67  67  61  45  42  57  45 103  66 103  42  48  48  42  45  48  79  91  48  42  42  61  45  42  61  42  61  61  42  67  61  61  55  42  61  45  55  45  42 
 36  42  48  67  48  42  48  48  61  51  45  42  67  42  51  70  61  42  54  42  48  42  42  42  39  79  79  39  42  39  64  61  42  66  42  48  73  73  67  45  42  67  73  54  67  61  45  64  45  42  42  45  42  42  70  42  61  36  45  42  61  36  45  61 
 36  42  45  42  42  61  36  42  55  61  42  36  61  42  42  42  64  61  60  48  97  48  48  67  51 103  57 103  51 103  82  70 103 103  42  45  42  45  39  42  64  64  61  67  42  45  64  42  42  61  55  42  42  42  54  61  61  36  61  42  61  36  42  36 
